"anno"	"mese"	"giorno"	"tmed"	"tmax"	"tmin"	"urel"	"prec"
2011	4	1	13.4560413360596	15.331000328064	11.5699996948242	78.4010696411133	0
2011	4	2	13.7643337249756	15.3830003738403	11.7740001678467	77.8233871459961	0
2011	4	3	13.3398332595825	14.8669996261597	11.8199996948242	83.5095901489258	0
2011	4	4	14.1544580459595	15.8360004425049	12.503999710083	81.5084686279297	-1.05879118406788e-22
2011	4	5	14.5308332443237	17.4069995880127	12.0970001220703	72.7171401977539	0
2011	4	6	14.3455419540405	16.923999786377	11.0819997787476	66.613151550293	-1.6940658945086e-21
2011	4	7	14.9560832977295	16.9029998779297	13.2650003433228	76.1239166259766	0
2011	4	8	14.798791885376	16.1940002441406	12.9890003204346	81.8380126953125	2.71050543121376e-20
2011	4	9	15.3062496185303	16.9109992980957	13.1909999847412	84.1489334106445	0
2011	4	10	16.0591659545898	21.1889991760254	12.456000328064	69.5267944335938	2.9999999242138e-06
2011	4	11	15.6234998703003	18.3659992218018	12.3269996643066	64.7990493774414	0
2011	4	12	14.5708332061768	15.8970003128052	12.9969997406006	88.7968826293945	0.0140000000596047
2011	4	13	13.9787912368774	15.9020004272461	11.6499996185303	62.0590705871582	0.0791000008583069
2011	4	14	12.5312919616699	14.7089996337891	11.0240001678467	72.7483291625977	3.42299995422363
2011	4	15	12.0804586410522	13.5749998092651	9.46500015258789	81.3014526367188	13.8600006103516
2011	4	16	12.9246253967285	16.4750003814697	9.43299961090088	66.5306625366211	-8.88178419700125e-16
2011	4	17	13.1083335876465	16.8120002746582	9.05399990081787	68.1384582519531	0
2011	4	18	13.5064582824707	17.0590000152588	9.77799987792969	66.0033569335938	0
2011	4	19	14.0967082977295	17.7099990844727	9.66699981689453	66.48583984375	0
2011	4	20	13.7017498016357	16.3320007324219	9.70100021362305	72.8220443725586	0
2011	4	21	14.5726251602173	17.1200008392334	12.1140003204346	67.8613052368164	0
2011	4	22	14.8720417022705	18.0610008239746	11.0539999008179	67.1521377563477	-2.77555756156289e-17
2011	4	23	15.2464170455933	17.5559997558594	13.4549999237061	80.2502136230469	0.334299993515015
2011	4	24	14.8920001983643	16.4939994812012	12.701000213623	79.0210647583008	2.77555756156289e-16
2011	4	25	15.3135004043579	17.8899993896484	12.960000038147	82.7921905517578	4.14099998474121
2011	4	26	16.5997505187988	19.8040008544922	13.1949996948242	70.8138885498047	1.53699998855591
2011	4	27	15.3851251602173	17.6580009460449	12.5830001831055	77.27490234375	1.33699998855591
2011	4	28	15.0735836029053	17.7560005187988	12.0719995498657	77.2824020385742	0.0649999976158144
2011	4	29	14.7778329849243	17.1180000305176	11.9650001525879	79.1963043212891	0
2011	4	30	14.9608335494995	18.2339992523193	12.7340002059937	82.9150085449219	2.55900001525879
2011	5	1	15.8183746337891	18.8309993743896	13.2639999389648	78.0412826538086	0.997999954223633
2011	5	2	16.1977500915527	18.431999206543	13.6529998779297	77.6170349121094	0.0970000028610229
2011	5	3	15.9040832519531	17.2779998779297	14.0629997253418	86.2313690185547	0.0270000010728836
2011	5	4	15.9937496185303	18.6550006866455	12.5030002593994	77.4482803344727	5.29799995422363
2011	5	5	15.9703750610352	19.0139999389648	12.5640001296997	60.1127967834473	0
2011	5	6	15.2165002822876	17.5459995269775	11.5159997940063	65.8949203491211	0
2011	5	7	15.579083442688	17.8369998931885	12.7799997329712	74.7784652709961	0
2011	5	8	15.6005390042944	17.9940177244233	13.6355108128795	70.5654963180738	5.55111512312578e-17
2011	5	9	15.8375835418701	18.6340007781982	13.2880001068115	63.6925086975098	0
2011	5	10	17.0286674499512	20.5979995727539	12.3800001144409	65.8926315307617	-1.73472347597681e-18
2011	5	11	17.7925389863177	21.7885420714149	12.3528361645248	72.2637566508664	0
2011	5	12	17.8811687759555	21.8786095888665	13.0327518698314	79.052337102331	-1.38777878078145e-17
2011	5	13	17.490033550889	21.2092058371512	13.7620495302596	83.9201247386163	0
2011	5	14	16.8146100431428	20.1213345283114	13.8830314457083	84.5288714131831	-1.11022302462516e-16
2011	5	15	16.0503749847412	18.9559993743896	12.7379999160767	78.5403289794922	4.01800003051758
2011	5	16	15.5708332061768	17.9060001373291	11.2720003128052	69.9466934204102	0.0109999999403951
2011	5	17	16.2404174804688	17.9130001068115	13.2840003967285	73.6865310668945	0
2011	5	18	17.5660419464111	21.0480003356934	13.3190002441406	69.5232467651367	0
2011	5	19	17.4408740997314	19.5659999847412	14.1990003585815	74.1299591064453	0
2011	5	20	17.6273746490479	19.5709991455078	15.5600004196167	76.6667175292969	0
2011	5	21	18.8449993133545	20.7110004425049	16.0219993591309	77.9238586425781	0
2011	5	22	19.2466259002686	21.1060009002686	16.132999420166	71.8854522705078	-1.38777878078145e-17
2011	5	23	20.7022914886475	24.0340003967285	16.9179992675781	67.5199737548828	0.409999990463257
2011	5	24	21.3062496185303	24.7150001525879	17.6439990997314	68.896484375	0.653999996185303
2011	5	25	22.0643749237061	25.6940002441406	17.82200050354	65.1280288696289	0
2011	5	26	20.6589584350586	22.2959995269775	18.0930004119873	73.7559051513672	5.55111512312578e-17
2011	5	27	20.8212509155273	23.1669998168945	18.4990005493164	77.1475830078125	0
2011	5	28	20.1840419769287	22.2089996337891	17.1889991760254	65.4507904052734	-1.73472347597681e-18
2011	5	29	19.4792919158936	22.0729999542236	15.3409996032715	70.0453262329102	0
2011	5	30	19.5437507629395	21.7080001831055	15.7200002670288	69.0599365234375	0
2011	5	31	19.2811660766602	21.7849998474121	16.8330001831055	76.358039855957	0.145000004768372
2011	6	1	20.5437507629395	22.556999206543	17.2830009460449	78.6496429443359	0
2011	6	2	20.4234580993652	22.7779998779297	18.4260005950928	80.7696228027344	0.580000019073486
2011	6	3	19.8933753967285	21.7469997406006	17.2220001220703	82.0999298095703	0.21800000667572
2011	6	4	20.033374786377	22.1180000305176	18.5919990539551	84.5741500854492	2.08080005645752
2011	6	5	20.0638332366943	22.1110000610352	18.7360000610352	78.8455505371094	1.72299995422363
2011	6	6	19.3492908477783	21.0149993896484	17.3880004882812	75.4752426147461	0
2011	6	7	19.613208770752	21.2689990997314	18.1459999084473	72.0277404785156	0
2011	6	8	19.7520408630371	20.9400005340576	18.6749992370605	80.302131652832	0
2011	6	9	19.296667098999	20.5440006256104	17.5259990692139	79.8979415893555	0
2011	6	10	19.4783744812012	20.6270008087158	17.7709999084473	83.8055038452148	0
2011	6	11	20.0357074737549	22.0240001678467	17.757999420166	82.5967788696289	0
2011	6	12	20.9393749237061	23.9080009460449	17.4589996337891	74.6501159667969	0
2011	6	13	20.7540836334229	22.1720008850098	19.2310009002686	77.4870758056641	0
2011	6	14	21.3061676025391	23.5550003051758	18.6420001983643	83.6443405151367	0
2011	6	15	21.952709197998	23.8980007171631	20.0930004119873	85.1794281005859	0
2011	6	16	21.6982498168945	22.9909992218018	20.0869998931885	76.7462310791016	0
2011	6	17	20.5458335876465	22.2649993896484	17.7689990997314	76.2507934570312	2.11758236813575e-22
2011	6	18	20.5448341369629	22.0389995574951	18.6359996795654	77.6378936767578	0
2011	6	19	21.3600826263428	23.8040008544922	18.9559993743896	75.4162750244141	0
2011	6	20	21.6397495269775	24.2269992828369	19.0319995880127	83.6990966796875	0
2011	6	21	21.4295425415039	23.3139991760254	19.9090003967285	86.5898666381836	0
2011	6	22	22.6175003051758	25.8610000610352	19.0149993896484	68.8677825927734	0
2011	6	23	22.5875835418701	24.5149993896484	19.1630001068115	58.684326171875	-4.33680868994202e-19
2011	6	24	22.1875419616699	23.6830005645752	20.4160003662109	76.0778503417969	0
2011	6	25	22.1922492980957	23.2950000762939	20.8279991149902	84.7305450439453	0
2011	6	26	22.7973327636719	24	21.1889991760254	83.9396514892578	0
2011	6	27	22.7721672058105	24.0739994049072	21.3649997711182	85.4771881103516	0
2011	6	28	23.1127090454102	25.2600002288818	20.8339996337891	83.9237670898438	1.31890001296997
2011	6	29	23.0242500305176	25.8110008239746	20.2269992828369	68.6473388671875	0
2011	6	30	21.7704582214355	23.6189994812012	18.4449996948242	68.2728500366211	0
2011	7	1	22.8917503356934	25.5550003051758	20.003999710083	80.214973449707	0.0200000002980232
2011	7	2	22.6832504272461	24.367000579834	21.2840003967285	85.6405410766602	7.42799987792969
2011	7	3	22.2956472511671	22.586995104294	22.3647580872426	88.4062130223003	8.88178419700125e-16
2011	7	4	22.3026331632146	21.4749762218962	23.5560003365277	90.6658406910872	0
2011	7	5	22.6142516453419	20.9308846115208	24.7751722621219	92.3907274922842	-2.22044604925031e-16
2011	7	6	23.1405461795026	20.8546609520481	25.9397189815633	93.5521768351544	0
2011	7	7	23.79156024765	21.1462459223582	26.96708561239	94.1214921289611	-1.38777878078145e-17
2011	7	8	24.4773373317376	21.7055802013314	27.7747172721401	94.0699767829675	0
2011	7	9	25.1079209137189	22.432604467848	28.2800590783517	93.3689342064369	-8.67361737988404e-19
2011	7	10	25.5933544755472	23.2272594007881	28.4005561485629	91.9896678086325	0
2011	7	11	25.8436814991761	23.9894856790321	28.0536536003119	89.9034809988175	0
2011	7	12	25.768945466559	24.6192239814602	27.1567965511366	87.0816771862551	0
2011	7	13	25.2791898596493	25.0164149869527	25.6274301185753	83.4955597802087	2.16840434497101e-19
2011	7	14	24.2844581604004	25.0809993743896	23.382999420166	79.1164321899414	0
2011	7	15	22.9810409545898	24.6030006408691	20.923999786377	74.7267913818359	0
2011	7	16	22.536750793457	24.1310005187988	20.0610008239746	74.8579864501953	0
2011	7	17	23.0086250305176	25.57200050354	20.1410007476807	78.7596969604492	-2.77555756156289e-17
2011	7	18	22.4960422515869	23.5970001220703	21.3460006713867	69.5639572143555	0
2011	7	19	22.0257911682129	24.1660003662109	19.8139991760254	71.1549530029297	3.53499984741211
2011	7	20	21.8158740997314	22.8880004882812	20.9349994659424	72.0590133666992	0
2011	7	21	21.7999992370605	23.7049999237061	18.8020000457764	73.0518569946289	0
2011	7	22	21.6319160461426	23.4750003814697	18.9260005950928	78.8327026367188	0
2011	7	23	21.8047924041748	24.05299949646	20.4689998626709	76.8947525024414	-1.38777878078145e-17
2011	7	24	21.5513324737549	23.8880004882812	19.4360008239746	73.5596160888672	0.139999997615814
2011	7	25	20.5869998931885	23.4109992980957	17.2280006408691	70.5717163085938	1.38777878078145e-17
2011	7	26	20.8808326721191	22.753999710083	18.1009998321533	75.7313079833984	0
2011	7	27	20.7601661682129	22.2169990539551	18.6259994506836	84.5761108398438	1.45799999237061
2011	7	28	20.7818336486816	22.8460006713867	17.9029998779297	78.9624404907227	0
2011	7	29	21.4242496490479	23.1569995880127	19.1889991760254	81.5984725952148	0.00500000007450585
2011	7	30	21.043249130249	22.4839992523193	19.4099998474121	84.1680908203125	0
2011	7	31	21.5507507324219	23.5890007019043	19.246000289917	78.7089462280273	1.38777878078145e-17
2011	8	1	21.7237091064453	22.9950008392334	20.2759990692139	83.2172927856445	0
2011	8	2	21.8801670074463	23.5380001068115	19.7569999694824	81.0188827514648	-8.67361737988404e-19
2011	8	3	22.9751663208008	25.3479995727539	20.7910003662109	73.5902786254883	0
2011	8	4	22.654125213623	24.173999786377	21.1340007781982	82.6218490600586	5.42101086242752e-20
2011	8	5	23.0254573822021	24.8439998626709	21.0739994049072	85.2427978515625	0
2011	8	6	23.5984172821045	25.7369995117188	21.1989994049072	87.4605560302734	8.67361737988404e-19
2011	8	7	24.0785827636719	25.318000793457	22.8570003509521	80.2929306030273	0.0189999997615814
2011	8	8	23.6210422515869	26.4619998931885	20.7150001525879	67.9042587280273	3.46944695195361e-18
2011	8	9	23.0438747406006	26.1979999542236	20.1399993896484	60.8201599121094	0
2011	8	10	21.9546661376953	24.1529998779297	18.761999130249	64.5664138793945	0
2011	8	11	21.7905006408691	23.4260005950928	20.0690002441406	79.1273803710938	0
2011	8	12	22.1695003509521	23.7770004272461	20.1420001983643	79.4204254150391	0
2011	8	13	23.0880832672119	25.0820007324219	21.0330009460449	84.4600067138672	0
2011	8	14	23.1660552870953	25.0092285153558	21.1710002713083	86.7955314545087	0
2011	8	15	23.3905410766602	24.8680000305176	21.253999710083	82.7253112792969	0
2011	8	16	24.4877490997314	25.9160003662109	22.3309993743896	76.0202026367188	-8.470329472543e-22
2011	8	17	24.3130416870117	25.9950008392334	22.8419990539551	78.7343292236328	0
2011	8	18	24.0207920074463	26.2670001983643	22.0690002441406	81.5442047119141	-1.35525271560688e-20
2011	8	19	24.3159999847412	26.0480003356934	22.3190002441406	75.142578125	0
2011	8	20	25.3674583435059	27.2709999084473	22.5970001220703	72.9567642211914	2.16840434497101e-19
2011	8	21	26.0416240692139	28.0240001678467	23.1580009460449	65.6182250976562	0
2011	8	22	25.8894577026367	27.9720001220703	23.4029998779297	64.1524200439453	-3.46944695195361e-18
2011	8	23	25.5539588928223	27.9570007324219	22.7530002593994	62.7890205383301	0
2011	8	24	25.1362495422363	27.4860000610352	22.7070007324219	69.9683074951172	0
2011	8	25	25.747709274292	29	22.3549995422363	66.648193359375	0
2011	8	26	24.39674949646	25.2970008850098	22.6879997253418	73.4791641235352	3.22900009155273
2011	8	27	23.6443748474121	25.9629993438721	21.7070007324219	71.5108184814453	0
2011	8	28	22.4817085266113	24.3579998016357	20.8409996032715	82.014289855957	4.44089209850063e-16
2011	8	29	22.388500213623	24.0830001831055	20.1180000305176	78.307746887207	0
2011	8	30	22.7124996185303	24.5450000762939	20.2390003204346	79.5360412597656	0
2011	8	31	23.1083335876465	25.5259990692139	20.8129997253418	80.1785507202148	0
2011	9	1	24.2390003204346	26.7290000915527	21.3649997711182	82.5459671020508	-1.11022302462516e-16
2011	9	2	24.679708480835	27.3209991455078	22.4589996337891	80.1676712036133	0
2011	9	3	23.8374576568604	27.0510005950928	21.8400001525879	83.0922393798828	7.93000030517578
2011	9	4	22.855583190918	24.9340000152588	20.4459991455078	78.4216918945312	0
2011	9	5	22.8575000762939	24.3810005187988	21.2560005187988	74.2221603393555	0
2011	9	6	22.5609588623047	24.2210006713867	21.0380001068115	79.4335098266602	0
2011	9	7	22.355167388916	23.9389991760254	20.2970008850098	79.8185195922852	0
2011	9	8	22.699125289917	24.7959995269775	20.5860004425049	77.7474822998047	0
2011	9	9	22.8811664581299	25.1870002746582	20.7280006408691	85.3927459716797	-6.93889390390723e-18
2011	9	10	22.8190422058105	25.136999130249	20.882999420166	84.963752746582	0
2011	9	11	22.6805000305176	24.6040000915527	20.5639991760254	83.2778854370117	-2.16840434497101e-19
2011	9	12	22.8950004577637	24.8759994506836	20.5809993743896	80.3862991333008	0
2011	9	13	22.9740829467773	24.7280006408691	20.9680004119873	80.2748031616211	5.42101086242752e-20
2011	9	14	22.8383750915527	24.5769996643066	21.1870002746582	80.2577667236328	0
2011	9	15	22.8151245117188	24.7509994506836	20.2600002288818	77.9302444458008	0
2011	9	16	22.488626825034	24.2405823332454	19.2216060556301	73.9302160187103	0
2011	9	17	21.8191933585909	23.2240425794647	18.321783240391	69.5849531819795	-6.93889390390723e-18
2011	9	18	20.9255799113082	22.2797314138812	17.4485688049563	66.2389427276477	0
2011	9	19	19.9265422821045	21.9860000610352	16.4899997711182	65.2366714477539	0.824600028991699
2011	9	20	19.4562091827393	22.7919998168945	15.9329996109009	66.2786178588867	0
2011	9	21	20.8280830383301	23.9209995269775	17.7119998931885	67.6461868286133	0
2011	9	22	21.3513336181641	23.3640003204346	19.6459999084473	76.8726119995117	0
2011	9	23	21.1353740692139	23.6499996185303	18.2849998474121	78.4204406738281	0
2011	9	24	21.261999130249	23.1319999694824	19.2089996337891	83.2647323608398	0
2011	9	25	21.1282920837402	22.7950000762939	19.0930004119873	84.5162887573242	0
2011	9	26	21.6515007019043	25.4820003509521	18.5370006561279	71.0301666259766	0
2011	9	27	22.2798328399658	25.9829998016357	19.4790000915527	65.805549621582	0
2011	9	28	22.2188339233398	25.67799949646	19.5090007781982	65.3277206420898	0
2011	9	29	21.8133335113525	25.6049995422363	18.8209991455078	65.0061416625977	3.3881317890172e-21
2011	9	30	21.4999580383301	25.5370006561279	17.8959999084473	63.9826850891113	0
2011	10	1	21.1821250915527	24.8339996337891	17.318000793457	66.9257888793945	-1.05879118406788e-22
2011	10	2	21.2150001525879	24.1310005187988	18.173999786377	69.2639083862305	0
2011	10	3	21.0050411224365	24.0259990692139	17.4409999847412	66.9370574951172	-1.32348898008484e-23
2011	10	4	20.5772495269775	22.132999420166	19.2609996795654	75.1457748413086	0
2011	10	5	20.5612506866455	22.7299995422363	18.1959991455078	74.1670379638672	3.30872245021211e-24
2011	10	6	20.1521663665771	22.3649997711182	18.128999710083	83.4868316650391	0
2011	10	7	19.7431659698486	22.3279991149902	16.6860008239746	62.888111114502	-2.64697796016969e-23
2011	10	8	16.9294586181641	19.6089992523193	14.0500001907349	59.8949394226074	0
2011	10	9	15.550874710083	18.5069999694824	13.0989999771118	58.0461463928223	-4.2351647362715e-22
2011	10	10	16.6607494354248	19.2940006256104	12.4750003814697	68.8247146606445	0
2011	10	11	18.7302074432373	20.9009990692139	16.2040004730225	82.1961059570312	-6.7762635780344e-21
2011	10	12	18.7084159851074	20.8199996948242	15.1719999313354	88.2810134887695	0
2011	10	13	19.4309158325195	23.1509990692139	16.2870006561279	73.0274887084961	1.0842021724855e-19
2011	10	14	16.4112091064453	19.1700000762939	13.1300001144409	64.231071472168	0
2011	10	15	14.1665830612183	17.3470001220703	11.3850002288818	65.083366394043	0
2011	10	16	14.2309999465942	18.636999130249	10.5450000762939	66.4957580566406	0
2011	10	17	15.014666557312	18.6809997558594	11.3439998626709	65.697380065918	-2.77555756156289e-17
2011	10	18	15.6409168243408	18.1219997406006	13.0930004119873	70.4643325805664	0
2011	10	19	17.1911659240723	19.9029998779297	14.6789999008179	78.8160552978516	2.22044604925031e-16
2011	10	20	15.3630418777466	18.253999710083	12.3529996871948	83.0546798706055	6.99199981689453
2011	10	21	13.5687503814697	16.4379997253418	11.0520000457764	72.3786544799805	0
2011	10	22	12.7722082138062	16.8929996490479	10.1400003433228	70.6476211547852	0
2011	10	23	13.7395830154419	17.0340003967285	10.2220001220703	70.6154861450195	2.22044604925031e-16
2011	10	24	15.9411249160767	19.0259990692139	12.4790000915527	78.2687683105469	2.45100002288818
2011	10	25	18.4135837554932	20.1030006408691	16.1669998168945	87.5605239868164	10.8379997253418
2011	10	26	17.7557926177979	18.943000793457	16.0599994659424	83.5890655517578	29.9036010742187
2011	10	27	16.8081245422363	19.2810001373291	14.2519998550415	72.7916107177734	3.5527136788005e-15
2011	10	28	16.7835826873779	19.886999130249	13.9860000610352	77.5031204223633	0
2011	10	29	17.0314159393311	19.7409992218018	14.4399995803833	81.008056640625	0
2011	10	30	16.2606658935547	18.738000869751	13.78600025177	80.2997055053711	0
2011	10	31	16.7088756561279	18.9710006713867	14.2550001144409	76.7723541259766	2.77555756156289e-17
