"anno"	"mese"	"giorno"	"tmed"	"tmax"	"tmin"	"urel"	"prec"
2011	4	1	13.1541662216187	16.3770008087158	10.3459997177124	79.3330154418945	0
2011	4	2	13.2869997024536	16.4169998168945	10.0609998703003	79.2644653320312	0
2011	4	3	12.8014163970947	15.3050003051758	9.98900032043457	86.1661911010742	0
2011	4	4	13.8297500610352	15.8149995803833	11.4899997711182	83.3728942871094	-8.470329472543e-22
2011	4	5	14.0180835723877	18.17799949646	10.2229995727539	71.1846237182617	0
2011	4	6	13.7837915420532	18.2369995117188	8.46100044250488	65.2005615234375	-1.35525271560688e-20
2011	4	7	14.585958480835	17.7450008392334	11.4049997329712	76.4570541381836	0
2011	4	8	14.5876245498657	16.9979991912842	11.923999786377	83.3317337036133	-2.16840434497101e-19
2011	4	9	15.0921249389648	18.0739994049072	11.5539999008179	84.9206771850586	0
2011	4	10	15.7032079696655	22.1509990692139	11.1590003967285	68.9619598388672	0.0147469997406006
2011	4	11	15.3256664276123	19.1529998779297	10.6029996871948	65.181510925293	0
2011	4	12	14.380708694458	16.4440002441406	11.8380002975464	91.0544967651367	0.0430000007152557
2011	4	13	13.5539169311523	16.1480007171631	10.3009996414185	61.3072547912598	0.0219999998807907
2011	4	14	12.2699165344238	14.9680004119873	9.64799976348877	72.1045684814453	2.64799995422363
2011	4	15	11.5730419158936	13.9930000305176	9.19600009918213	80.610466003418	11.0296997070313
2011	4	16	12.0591669082642	16.8959999084473	7.78999996185303	66.721794128418	8.88178419700125e-16
2011	4	17	12.2953329086304	17.3530006408691	6.74399995803833	66.6109313964844	0
2011	4	18	12.541916847229	17.9729995727539	6.73899984359741	64.503791809082	-2.22044604925031e-16
2011	4	19	13.5563745498657	19.1450004577637	7.01300001144409	64.3172607421875	0
2011	4	20	12.9653749465942	16.2369995117188	7.86299991607666	72.8955917358398	0
2011	4	21	13.8124580383301	17.1439990997314	9.79300022125244	70.7616958618164	0
2011	4	22	14.0122499465942	17.8309993743896	8.77700042724609	69.332649230957	2.22044604925031e-16
2011	4	23	15.0719995498657	17.5930004119873	12.621000289917	80.6892776489258	4.07869987487793
2011	4	24	14.6373329162598	17.0389995574951	12.0979995727539	80.1882858276367	0
2011	4	25	15.4634170532227	18.9810009002686	11.2849998474121	81.3036193847656	5.49000015258789
2011	4	26	16.4780826568604	21.1140003204346	11.7430000305176	70.8215255737305	2.50599994659424
2011	4	27	15.4202079772949	19.253999710083	11.1169996261597	74.4130935668945	0.648000001907349
2011	4	28	14.7182083129883	18.6989994049072	10.0769996643066	76.206787109375	0.285999989509582
2011	4	29	14.2500419616699	17.1840000152588	9.95199966430664	80.7466278076172	0
2011	4	30	14.6288747787476	18.6720008850098	11.2930002212524	82.9917297363281	4.49900016784668
2011	5	1	15.8083333969116	20.1410007476807	12.0570001602173	75.3807525634766	0.851000022888184
2011	5	2	15.8239164352417	18.996000289917	11.9289999008179	79.4570236206055	0.046000000834465
2011	5	3	16.0519161224365	18.5189990997314	13.3579998016357	85.4960861206055	0
2011	5	4	15.7279167175293	19.132999420166	9.92500019073486	76.0429763793945	6.49400024414062
2011	5	5	15.2839164733887	20.2299995422363	10.3500003814697	58.8090782165527	0
2011	5	6	14.5782079696655	17.6669998168945	9.60700035095215	65.0929946899414	0
2011	5	7	14.9252920150757	17.6149997711182	10.7250003814697	77.3997573852539	0
2011	5	8	14.9976593296572	18.1010687213938	11.8496794178007	72.3657479921254	0
2011	5	9	15.2906665802002	19.3279991149902	11.3780002593994	62.235668182373	0
2011	5	10	16.4494171142578	21.8719997406006	9.38599967956543	62.7597961425781	0
2011	5	11	17.2528348178822	23.116726345134	8.9523086029955	69.3320404400868	0
2011	5	12	17.4476347551513	22.8414504286688	10.0022258155373	77.3781449304439	2.77555756156289e-17
2011	5	13	17.1630216017166	21.6771112282475	11.4199885892522	83.68943418733	0
2011	5	14	16.5282000332296	20.2546479809125	12.0898341962017	85.0572327844253	0
2011	5	15	15.6723747253418	19.2049999237061	10.8959999084473	78.2728652954101	7.13499984741211
2011	5	16	14.9886665344238	18.5990009307861	8.79199981689453	68.3918380737305	-1.77635683940025e-15
2011	5	17	15.698166847229	18.6509990692139	10.875	73.7714233398438	0
2011	5	18	17.3177909851074	22.6240005493164	11.0200004577637	66.8428497314453	-2.22044604925031e-16
2011	5	19	16.8856258392334	19.9099998474121	11.5100002288818	76.39306640625	0
2011	5	20	17.4148750305176	19.931999206543	14.0080003738403	77.3261489868164	0
2011	5	21	19.1145000457764	22.6709995269775	13.8760004043579	74.296028137207	0
2011	5	22	19.1016674041748	22.8449993133545	14.0109996795654	70.1369247436523	8.67361737988404e-19
2011	5	23	21.189582824707	26.2779998779297	14.956000328064	63.486629486084	0
2011	5	24	21.5833759307861	26.673999786377	15.6400003433228	66.1244506835938	-1.0842021724855e-19
2011	5	25	22.5039577484131	27.6280002593994	16.0060005187988	62.8347091674805	0
2011	5	26	20.7448329925537	23.2970008850098	16.5	72.4586563110352	-1.0842021724855e-19
2011	5	27	20.9659996032715	23.1560001373291	17.9220008850098	75.6663131713867	0
2011	5	28	19.9426670074463	22.5240001678467	15.3879995346069	62.0756759643555	-1.73472347597681e-18
2011	5	29	18.9923324584961	23.4179992675781	12.6420001983643	67.6707916259766	0
2011	5	30	19.3440837860107	23.318000793457	12.4259996414185	67.8246154785156	0
2011	5	31	18.8879165649414	21.8840007781982	15.1059999465942	76.2570495605469	0.671000003814697
2011	6	1	20.513542175293	23.0259990692139	16.3050003051758	78.3597869873047	5.55111512312578e-17
2011	6	2	20.3156242370605	22.8470001220703	16.9799995422363	81.5271453857422	0.559999990463257
2011	6	3	19.448917388916	21.7169990539551	15.4250001907349	83.3107833862305	1.4710000038147
2011	6	4	20.0262908935547	22.2479991912842	18.2950000762939	84.6334228515625	3.37210006713867
2011	6	5	19.91237449646	22.0179996490479	18.1650009155273	78.5131301879883	3.3189998626709
2011	6	6	18.9170837402344	20.5939998626709	16.0020008087158	77.2899780273438	0
2011	6	7	19.4607086181641	21.5869998931885	17.7439994812012	72.0848007202148	2.22044604925031e-16
2011	6	8	19.590124130249	21.3159999847412	17.7600002288818	80.6292190551758	0
2011	6	9	19.1163330078125	21.0179996490479	16.3490009307861	79.8764190673828	-2.77555756156289e-17
2011	6	10	19.4286251068115	21.2329998016357	17.1709995269775	83.127082824707	0
2011	6	11	20.1069583892822	23.4570007324219	16.4799995422363	81.1902923583984	0
2011	6	12	20.9930419921875	25.6410007476807	15.951000213623	72.7246856689453	0
2011	6	13	20.763334274292	23.128999710083	18.4500007629395	77.4450912475586	0
2011	6	14	21.2255420684814	23.9260005950928	18.0139999389648	83.1029586791992	0
2011	6	15	22.263708114624	24.6800003051758	19.8549995422363	83.3609619140625	6.7762635780344e-21
2011	6	16	22.1665840148926	24.5049991607666	19.2390003204346	72.3583374023438	0
2011	6	17	20.3585414886475	23.1499996185303	16.3490009307861	74.6224594116211	6.35274710440725e-22
2011	6	18	20.4288330078125	22.8740005493164	17.1219997406006	77.8989791870117	0
2011	6	19	20.8150825500488	23.3490009307861	17.5839996337891	77.6206359863281	-8.470329472543e-22
2011	6	20	21.4662494659424	24.0009994506836	17.7119998931885	83.7583923339844	0
2011	6	21	21.41237449646	23.806999206543	18.7800006866455	85.4430618286133	-1.35525271560688e-20
2011	6	22	22.6607913970947	27.1399993896484	17.5179996490479	65.4378509521484	0
2011	6	23	22.5266666412354	25.7679996490479	17.6770000457764	55.6987457275391	-4.33680868994202e-19
2011	6	24	22.3482913970947	25.0580005645752	19.3950004577637	74.7875823974609	0
2011	6	25	22.2409591674805	24.1219997406006	19.4400005340576	84.7316741943359	0
2011	6	26	22.949499130249	25.1200008392334	20.136999130249	83.2310104370117	0
2011	6	27	23.1420001983643	25.5590000152588	20.3050003051758	83.2065811157227	0
2011	6	28	23.3292503356934	26.621000289917	19.7970008850098	80.2870330810547	1.17200002670288
2011	6	29	22.9781665802002	26.9270000457764	19.0510005950928	62.5806274414062	0
2011	6	30	21.5429592132568	24.3990001678467	16.7450008392334	65.3262786865234	0
2011	7	1	22.9292087554932	25.5599994659424	19.3990001678467	79.1959533691406	-2.22044604925031e-16
2011	7	2	22.7628746032715	24.9150009155273	20.2530002593994	84.7279891967773	5.23400001525879
2011	7	3	22.4077018452795	23.9465250265587	20.8169556886913	87.2837609098146	-4.44089209850063e-16
2011	7	4	22.5281812681049	23.5004516691297	21.9606603018059	89.3080683495317	0
2011	7	5	23.0078726671384	23.476086034839	23.4903099524522	90.7828965840139	-2.22044604925031e-16
2011	7	6	23.7303358377704	23.772733315285	25.2121004943388	91.6902306813467	0
2011	7	7	24.5791305753916	24.2896987020664	26.9322277811745	92.0120557096155	1.38777878078145e-17
2011	7	8	25.4378166753925	24.9262873867815	28.4568876666679	91.7303567369054	0
2011	7	9	26.1899539331638	25.5818045610291	29.5922760045279	90.827118831302	0
2011	7	10	26.7191021440961	26.1555554164075	30.144588648463	89.2843270608905	0
2011	7	11	26.9088211035798	26.5468451445154	29.9200214521822	87.0839664937563	-2.71050543121376e-20
2011	7	12	26.6426706070057	26.6549789369513	28.7247702693941	84.2080221979848	0
2011	7	13	25.8042104497643	26.3792619853137	26.3650309538074	80.6384792416613	0
2011	7	14	24.2770004272461	25.6189994812012	22.6469993591309	76.3573226928711	0
2011	7	15	22.5377082824707	24.5869998931885	18.8479995727539	71.959114074707	3.46944695195361e-18
2011	7	16	22.5322074890137	24.7210006713867	19.0659999847412	71.8582000732422	0
2011	7	17	23.0846672058105	25.8269996643066	19.3850002288818	76.683349609375	1.11022302462516e-16
2011	7	18	22.4419574737549	23.8990001678467	20.6490001678467	67.1221389770508	0
2011	7	19	21.6374168395996	23.8680000305176	18.5310001373291	69.6699523925781	5.90699996948242
2011	7	20	21.6883754730225	23.1900005340576	20.0860004425049	69.760986328125	0
2011	7	21	21.7253742218018	23.9260005950928	19.0879993438721	70.6938323974609	-8.88178419700125e-16
2011	7	22	21.660457611084	24.1119995117188	19.1009998321533	76.4135131835938	0
2011	7	23	21.3469161987305	23.9330005645752	19.05299949646	77.8300170898438	-5.55111512312578e-17
2011	7	24	21.8582077026367	24.886999130249	17.8929996490479	67.5457992553711	0.980000019073486
2011	7	25	20.0679168701172	24.2749996185303	14.9930000305176	66.7790603637695	2.77555756156289e-17
2011	7	26	20.4373741149902	23.0189990997314	15.9390001296997	74.7190246582031	0
2011	7	27	20.576000213623	22.9409999847412	16.8980007171631	82.3496322631836	1.76200008392334
2011	7	28	20.3589992523193	23.4839992523193	16.1860008239746	76.9555358886719	0
2011	7	29	21.4272918701172	24.3159999847412	18.011999130249	79.9373016357422	0
2011	7	30	20.8639163970947	23.1110000610352	18.3540000915527	83.0376663208008	0
2011	7	31	21.5147914886475	24.6299991607666	17.5839996337891	77.2971420288086	0
2011	8	1	21.7544574737549	23.8899993896484	19.1580009460449	82.23974609375	0
2011	8	2	21.7221660614014	24.3309993743896	18.3239994049072	80.8948822021484	8.67361737988404e-19
2011	8	3	22.4692077636719	25.0540008544922	19.3229999542236	75.7756271362305	0
2011	8	4	22.6420001983643	25.0160007476807	20.1599998474121	81.5249481201172	-8.67361737988404e-19
2011	8	5	22.9310417175293	25.2569999694824	20.3990001678467	85.4666061401367	0
2011	8	6	23.9305839538574	26.3719997406006	21.0510005950928	85.0173645019531	1.38777878078145e-17
2011	8	7	24.2836666107178	25.9990005493164	22.4209995269775	77.9999542236328	0.245000004768372
2011	8	8	23.6343746185303	27.7590007781982	19.0820007324219	63.3290634155273	-4.16333634234434e-17
2011	8	9	22.56858253479	27.1340007781982	18.1720008850098	57.4086570739746	0
2011	8	10	21.3722915649414	25.1070003509521	15.9259996414185	60.7816543579102	-6.93889390390723e-18
2011	8	11	21.4722080230713	24.0160007476807	18.386999130249	78.8617630004883	0
2011	8	12	21.8644580841064	24.5639991760254	18.246000289917	78.0552597045898	-4.33680868994202e-19
2011	8	13	22.9315414428711	25.375	19.8969993591309	84.3639602661133	0
2011	8	14	23.2803134388027	25.9524727255179	20.155854889697	86.0149589033516	0
2011	8	15	23.7298755645752	26.7700004577637	19.8169994354248	79.478401184082	0
2011	8	16	24.8297920227051	27.7789993286133	20.7859992980957	72.0177536010742	0
2011	8	17	24.3368759155273	27.1459999084473	21.6599998474121	78.6989669799805	0
2011	8	18	23.8164577484131	26.2849998474121	21.0429992675781	81.8080291748047	-2.71050543121376e-20
2011	8	19	24.2060413360596	27.4169998168945	20.7049999237061	74.6438674926758	0
2011	8	20	25.3852920532227	29.5690002441406	20.2299995422363	70.9873580932617	4.33680868994202e-19
2011	8	21	25.8246250152588	28.8999996185303	20.826000213623	63.1532707214355	0
2011	8	22	25.3788757324219	28.4720001220703	21.3859996795654	63.4307174682617	-6.93889390390723e-18
2011	8	23	24.7426242828369	27.943000793457	20.0979995727539	63.5722389221191	0
2011	8	24	24.4573745727539	27.6089992523193	20.132999420166	70.0619201660156	-1.11022302462516e-16
2011	8	25	25.6780414581299	29.8470001220703	20.0240001678467	62.4224853515625	0
2011	8	26	24.4524173736572	25.8640003204346	21.3479995727539	69.2803649902344	9.12200012207031
2011	8	27	23.3688335418701	26.886999130249	20.1669998168945	67.1521987915039	0
2011	8	28	22.1617088317871	25.3549995422363	18.5289993286133	78.8016662597656	8.88178419700125e-16
2011	8	29	21.9374160766602	24.4780006408691	18.673999786377	77.9414520263672	0
2011	8	30	22.3231658935547	25.0639991760254	18.8250007629395	79.4322662353516	0
2011	8	31	22.9606246948242	26.1800003051758	19.181999206543	77.7494354248047	0
2011	9	1	24.1566257476807	27.9449996948242	19.9039993286133	80.4347915649414	2.77555756156289e-17
2011	9	2	24.4137916564941	27.8530006408691	21.2900009155273	79.8123474121094	0
2011	9	3	23.9736671447754	28.1319999694824	21.3929996490479	80.6895217895508	2.53999996185303
2011	9	4	22.8682498931885	25.2670001983643	20.548999786377	77.7894439697266	0.0230000004172325
2011	9	5	22.8721256256104	25.4459991455078	20.5900001525879	71.3603363037109	3.53883589099269e-16
2011	9	6	22.4237079620361	24.7919998168945	20	78.0184783935547	0
2011	9	7	21.9941673278809	24.4389991760254	18.6529998779297	79.3101425170898	-1.38777878078145e-17
2011	9	8	22.2212505340576	24.8339996337891	18.7950000762939	77.9878692626953	0
2011	9	9	22.5123748779297	25.6679992675781	19.3899993896484	84.4372482299805	-8.67361737988404e-19
2011	9	10	22.4085826873779	25.0230007171631	19.8579998016357	86.24609375	0
2011	9	11	22.5572090148926	25.1909999847412	19.9540004730225	82.8659210205078	0
2011	9	12	22.5803337097168	25.4810009002686	18.9090003967285	79.7060623168945	0
2011	9	13	22.7788333892822	25.3649997711182	20.1830005645752	80.0126190185547	-6.7762635780344e-21
2011	9	14	22.4896259307861	25.4659996032715	19.556999206543	79.6844787597656	0
2011	9	15	22.4314575195312	25.5450000762939	18.9810009002686	76.3316879272461	4.2351647362715e-22
2011	9	16	22.121587206516	24.6827657666497	18.3648571032008	70.747014711131	0
2011	9	17	21.4411426510946	23.2697178227889	17.4803983154533	64.8096683649001	0
2011	9	18	20.4879808121792	22.0753108569073	16.3732405321038	60.528835797645	0
2011	9	19	19.3599586486816	21.8689994812012	15.08899974823	59.913703918457	1.65436122510606e-24
2011	9	20	18.6835842132568	23.05299949646	14.0930004119873	62.3660163879395	0
2011	9	21	19.9505825042725	24.3509998321533	15.1619997024536	63.8885383605957	0
2011	9	22	20.8639163970947	24.5419998168945	17.2700004577637	73.5609741210938	0
2011	9	23	20.8862075805664	25.2089996337891	16.0900001525879	73.5776138305664	0
2011	9	24	20.894624710083	23.4069995880127	17.507999420166	82.9898834228516	0
2011	9	25	20.7610836029053	23.1809997558594	17.0270004272461	83.6667785644531	6.46234853557053e-27
2011	9	26	21.1734580993652	26.7320003509521	16.7509994506836	67.3052139282227	0
2011	9	27	21.7966251373291	27.1790008544922	17.8349990844727	61.5774955749512	-1.03397576569128e-25
2011	9	28	21.6679992675781	26.4580001831055	17.8250007629395	62.2452163696289	0
2011	9	29	21.251708984375	26.4860000610352	16.7250003814697	62.8181838989258	8.27180612553028e-25
2011	9	30	20.728874206543	26.3729991912842	15.5179996490479	61.2045860290527	0
2011	10	1	20.5917491912842	26.4309997558594	14.951000213623	62.3099822998047	1.32348898008484e-23
2011	10	2	21.0170421600342	26.0179996490479	16.6830005645752	63.1686859130859	0
2011	10	3	20.4838752746582	25.7740001678467	14.4899997711182	62.4137268066406	-2.11758236813575e-22
2011	10	4	19.7785415649414	22.7290000915527	16.1219997406006	75.2440414428711	0
2011	10	5	19.8861255645752	23.8190002441406	15.5659999847412	71.8811569213867	0
2011	10	6	19.6267509460449	22.318000793457	16.6690006256104	83.9730987548828	0
2011	10	7	19.3653335571289	23.242000579834	14.878999710083	56.0796966552734	-5.42101086242752e-20
2011	10	8	15.6675834655762	20.136999130249	10.9840002059937	53.4067497253418	0.000999999977648258
2011	10	9	14.0377082824707	18.492000579834	10.3459997177124	51.8121490478516	-5.42101086242752e-20
2011	10	10	15.2726669311523	19.238000869751	8.94799995422363	63.8263854980469	0
2011	10	11	17.9106254577637	21.4389991760254	14.0329999923706	80.9691162109375	-5.42101086242752e-20
2011	10	12	17.6975002288818	21.181999206543	12.9940004348755	88.8253784179688	0
2011	10	13	19.0419158935547	24.076000213623	15.2379999160767	69.0064086914062	0
2011	10	14	15.7878751754761	19.2000007629395	12.41100025177	58.429443359375	0
2011	10	15	13.4090414047241	17.1529998779297	10.4379997253418	56.7501220703125	3.46944695195361e-18
2011	10	16	13.0313749313354	18.4619998931885	9.28899955749512	61.5666198730469	0
2011	10	17	13.3177080154419	19.371000289917	7.96000003814697	61.0719299316406	-2.77555756156289e-17
2011	10	18	14.0629167556763	17.9540004730225	9.00599956512451	69.1230239868164	0
2011	10	19	16.7659168243408	19.9370002746582	12.8859996795654	77.0965423583984	-8.88178419700125e-16
2011	10	20	14.8480834960938	18.7929992675781	11.3610000610352	78.3895416259766	13.5190002441406
2011	10	21	12.7691669464111	16.011999130249	9.6269998550415	65.9881134033203	-8.88178419700125e-16
2011	10	22	11.6808748245239	16.4699993133545	8.51599979400635	64.5233612060547	0
2011	10	23	11.9632501602173	17.0049991607666	7.61499977111816	66.4977493286133	0
2011	10	24	14.8478746414185	19.2150001525879	10.2810001373291	76.1813278198242	2.58299999237061
2011	10	25	18.207332611084	20.0620002746582	15.4540004730225	86.1017227172852	8.33300018310547
2011	10	26	17.5041255950928	19.2469997406006	14.710000038147	82.6260833740234	32.1342010498047
2011	10	27	15.5750417709351	18.75	11.8400001525879	71.6783218383789	-3.5527136788005e-15
2011	10	28	15.5381669998169	19.7059993743896	11.8520002365112	77.8920211791992	0
2011	10	29	15.9017496109009	19.9489994049072	12.4409999847412	80.6348495483398	8.88178419700125e-16
2011	10	30	15.1028337478638	18.9850006103516	11.8699998855591	78.0455093383789	0
2011	10	31	15.6355829238892	19.5860004425049	12	74.451042175293	2.77555756156289e-17
