"anno"	"mese"	"giorno"	"tmed"	"tmax"	"tmin"	"urel"	"prec"
2011	4	1	12.4266662597656	14.9399995803833	9.95400047302246	86.1093444824219	0
2011	4	2	12.6168336868286	14.668999671936	10.4099998474121	86.7091293334961	1.73472347597681e-18
2011	4	3	11.9679584503174	13.8140001296997	9.85999965667725	92.3790283203125	0.00799999982118607
2011	4	4	13.085958480835	14.6949996948242	10.9350004196167	90.3158416748047	0.0730000019073486
2011	4	5	13.7637920379639	16.8939990997314	10.6529998779297	74.6969375610352	0
2011	4	6	13.0218334197998	16.2229995727539	9.19799995422363	71.205924987793	-6.93889390390723e-18
2011	4	7	14.0149583816528	16.3859996795654	11.3199996948242	81.5887145996094	0
2011	4	8	14.3338747024536	15.7950000762939	12.7270002365112	88.7956390380859	8.67361737988404e-19
2011	4	9	14.3782501220703	16.4990005493164	11.3430004119873	90.0180358886719	0.0248359993100166
2011	4	10	15.7483329772949	20.7859992980957	11.0299997329712	71.8010482788086	0.000100000004749745
2011	4	11	15.0166664123535	19.8579998016357	10.2019996643066	68.4990310668945	0
2011	4	12	14.4809579849243	16.0839996337891	11.2659997940063	88.4910202026367	0.129999995231628
2011	4	13	13.4662504196167	15.6820001602173	10.1789999008179	65.4759979248047	0.154200005531311
2011	4	14	11.8449583053589	14.6099996566772	8.91600036621094	77.2276916503906	1.92800006866455
2011	4	15	11.159083366394	14	8.94799995422363	80.3321762084961	13.1197006225586
2011	4	16	11.8627080917358	15.6890001296997	7.08300018310547	69.4156341552734	-8.88178419700125e-16
2011	4	17	12.0947914123535	15.4029998779297	7.34100008010864	70.0643463134766	0
2011	4	18	11.6070003509521	15.0880002975464	6.61199998855591	71.7658920288086	0
2011	4	19	12.346791267395	16.8190002441406	6.84000015258789	69.3663330078125	0
2011	4	20	12.6794166564941	16.318000793457	7.20499992370605	72.2115325927734	-2.77555756156289e-17
2011	4	21	13.0981664657593	16.0429992675781	9.44400024414062	75.6299819946289	0
2011	4	22	13.2562913894653	17.7089996337891	8.27999973297119	71.2925186157227	0.09200000166893
2011	4	23	14.4362087249756	16.4109992980957	13.2550001144409	85.5708465576172	2.00860004425049
2011	4	24	14.2604999542236	16.0230007171631	12.121000289917	83.8400039672852	0.0140000000596051
2011	4	25	15.382791519165	20.0170001983643	10.7119998931885	79.1395645141602	2.075
2011	4	26	15.8342914581299	19.4080009460449	11.7259998321533	72.7251815795898	3.90299987792969
2011	4	27	14.9113330841064	17.7169990539551	11.2259998321533	79.1429977416992	0.931999969482422
2011	4	28	14.0807914733887	17.1180000305176	9.94299983978271	80.7706527709961	0.372000002861023
2011	4	29	14.6045837402344	18.0049991607666	10.5620002746582	79.5343704223633	0.0389999985694885
2011	4	30	14.9204587936401	18.6229991912842	11.3859996795654	79.7468643188477	3.7560001373291
2011	5	1	15.4966669082642	18.4599990844727	11.7360000610352	78.9169616699219	0.242000007629395
2011	5	2	15.3456249237061	17.8880004882812	11.6719999313354	81.9577407836914	5.27355936696949e-16
2011	5	3	16.3640422821045	18.0410003662109	14.6909999847412	84.056884765625	0
2011	5	4	15.0447912216187	18.0389995574951	10.3319997787476	77.4789962768555	0.659999990463257
2011	5	5	14.5772914886475	19.4930000305176	9.42099952697754	65.0378952026367	0
2011	5	6	14.4580411911011	18.0990009307861	9.07400035858154	67.5583190917969	-5.55111512312578e-17
2011	5	7	14.4490413665771	16.9899997711182	10.83899974823	79.112922668457	0
2011	5	8	14.912229810953	17.2725918522376	12.3083567160442	73.4396726591226	-3.46944695195361e-18
2011	5	9	15.5051670074463	18.496000289917	12.3000001907349	63.4920310974121	0
2011	5	10	15.8653745651245	19.9519996643066	11.0920000076294	66.8711166381836	0
2011	5	11	16.2230447712221	20.585256391618	10.8705891047576	76.3449099723622	0
2011	5	12	16.5385353426498	20.4038225741331	11.6010127196245	86.2542359235703	2.77555756156289e-17
2011	5	13	16.6607367323545	19.7224603746819	12.5290418294148	93.0148869484118	0
2011	5	14	16.4385393932827	18.8559319560946	12.9004474113133	93.0426555034905	4.44089209850063e-16
2011	5	15	15.7208337783813	18.1189994812012	11.9610004425049	82.7533340454102	12.8320007324219
2011	5	16	14.8104581832886	17.617000579834	10.0579996109009	69.3864517211914	1.77635683940025e-15
2011	5	17	15.2729997634888	17.8059997558594	10.3900003433228	78.3034362792969	0
2011	5	18	16.4524173736572	20.3939990997314	11.2259998321533	72.5676116943359	0
2011	5	19	16.5150413513184	19.2590007781982	11.6499996185303	79.1859512329102	0
2011	5	20	17.15012550354	19.1879997253418	14.2609996795654	80.2262573242188	2.77555756156289e-17
2011	5	21	17.8664588928223	20.2049999237061	13.9670000076294	79.2833023071289	0
2011	5	22	18.6859588623047	22.0860004425049	14.048999786377	73.3037796020508	0
2011	5	23	19.9715423583984	23.2339992523193	15.0790004730225	70.7721481323242	0
2011	5	24	20.511833190918	23.9029998779297	16.2140007019043	72.6740951538086	-1.0842021724855e-19
2011	5	25	21.7021675109863	25.5400009155273	16.507999420166	68.1078491210938	0
2011	5	26	20.6043758392334	24.2089996337891	15.6759996414185	73.6933212280273	0
2011	5	27	20.3164577484131	22.2210006713867	18.0189990997314	81.4241714477539	0
2011	5	28	19.6142921447754	21.4599990844727	16.257999420166	64.6699523925781	2.16840434497101e-19
2011	5	29	18.2924575805664	21.4080009460449	13.3299999237061	73.7879257202148	0
2011	5	30	18.9570407867432	22.0179996490479	13.2650003433228	72.7418060302734	0
2011	5	31	18.4008750915527	21.0219993591309	15.3269996643066	79.0468215942383	0.0150000005960464
2011	6	1	20.2237911224365	23.6149997711182	16.4599990844727	80.1396102905273	0
2011	6	2	19.8522491455078	22.7199993133545	16.6040000915527	83.7398300170898	0.240000009536743
2011	6	3	18.7267913818359	21.0960006713867	15.3179998397827	87.5874328613281	6.34500007629394
2011	6	4	19.677375793457	21.5699996948242	18.4290008544922	86.9959411621094	7.54469985961914
2011	6	5	19.5135841369629	20.9069995880127	18.2910003662109	82.0529022216797	3.54099998474121
2011	6	6	18.6043758392334	19.8339996337891	15.7770004272461	80.9084701538086	0
2011	6	7	19.1888751983643	20.9090003967285	17.7409992218018	77.7903366088867	-2.22044604925031e-16
2011	6	8	19.0871257781982	20.2530002593994	17.8819999694824	84.1942367553711	0
2011	6	9	19.1250839233398	20.44700050354	17.8530006408691	83.4694366455078	0
2011	6	10	19.044750213623	20.3129997253418	17.5259990692139	86.52197265625	0
2011	6	11	19.2167091369629	21.2880001068115	16.5400009155273	85.8138656616211	1.73472347597681e-18
2011	6	12	19.7173328399658	22.9979991912842	16.132999420166	81.5093994140625	0
2011	6	13	19.9932498931885	21.6590003967285	18.0270004272461	83.6494903564453	5.42101086242752e-20
2011	6	14	20.4164581298828	22.496000289917	17.8980007171631	86.4900512695312	0
2011	6	15	21.5921249389648	23.5020008087158	19.3740005493164	87.3663024902344	-3.3881317890172e-21
2011	6	16	22.32200050354	23.9699993133545	20.257999420166	71.1582412719727	0
2011	6	17	20.0631256103516	21.8740005493164	16.6079998016357	80.1355895996094	2.64697796016969e-22
2011	6	18	19.7963752746582	21.7189998626709	17.2719993591309	84.7905349731445	0
2011	6	19	20.3562088012695	22.6809997558594	17.4120006561279	81.5745239257812	-6.7762635780344e-21
2011	6	20	21.0925006866455	23.2140007019043	17.9589996337891	87.1711730957031	0
2011	6	21	21.0641670227051	22.8549995422363	18.6809997558594	87.3544540405273	0
2011	6	22	21.3837089538574	24.5909996032715	17.6959991455078	73.5696105957031	0
2011	6	23	21.7952919006348	25.5669994354248	16.7959995269775	64.278076171875	-1.73472347597681e-18
2011	6	24	21.6322498321533	23.632999420166	19.0440006256104	82.2165451049805	0
2011	6	25	21.7525424957275	23.5960006713867	19.1459999084473	88.3840713500977	0.000999999977648255
2011	6	26	22.6599159240723	24.1459999084473	21.0230007171631	88.1826095581055	0
2011	6	27	22.8449993133545	24.8619995117188	20.4839992523193	85.0183258056641	0
2011	6	28	22.816499710083	25.5289993286133	19.4769992828369	83.9677581787109	7.7875
2011	6	29	22.0145416259766	25.4029998779297	17.7240009307861	69.7048568725586	0
2011	6	30	21.0872497558594	23.9459991455078	16.238000869751	69.6814498901367	0
2011	7	1	22.0568752288818	24.367000579834	19.0890007019043	84.3763732910156	0
2011	7	2	22.2434997558594	24.4860000610352	19.5659999847412	86.7117614746094	5.61619987487793
2011	7	3	22.3013223548104	24.603423799709	19.3661814829228	86.0089682319229	-8.88178419700125e-16
2011	7	4	22.5833958820853	24.9612944662499	19.4487691092494	86.3183305967057	0
2011	7	5	23.0274715961534	25.4853321432548	19.7519220330112	87.3406697014527	-1.11022302462516e-16
2011	7	6	23.5713007554842	26.1012569133208	20.2137994234982	88.7768066786587	0
2011	7	7	24.1526346185472	26.7347888590449	20.7725604500004	90.3275626608183	0
2011	7	8	24.709224443812	27.3116480630242	21.3663642818079	91.6937587804263	0
2011	7	9	25.1788214897479	27.7575546078557	21.9333700882108	92.5762161699776	8.67361737988404e-19
2011	7	10	25.4991770148246	27.9982285761365	22.411737038499	92.6757559619669	0
2011	7	11	25.6080422775114	27.9593900504636	22.7396243019626	91.6931992888889	-5.42101086242752e-20
2011	7	12	25.4431685362779	27.5667591134341	22.8551910478918	89.3293672832385	0
2011	7	13	24.9423070495935	26.746055847645	22.6965964455764	85.2850810775103	-4.33680868994202e-19
2011	7	14	24.0432090759277	25.4230003356934	22.2019996643066	79.2611618041992	0
2011	7	15	22.9312076568604	23.9640007019043	21.4580001831055	73.0192947387695	3.46944695195361e-18
2011	7	16	22.5383758544922	24.0049991607666	20.7350006103516	74.5609588623047	0
2011	7	17	22.7616672515869	24.7999992370605	20.0540008544922	79.7537841796875	-5.55111512312578e-17
2011	7	18	22.2874584197998	23.6149997711182	20.826000213623	72.6495132446289	0
2011	7	19	21.1268329620361	23.0289993286133	18.1889991760254	75.0766677856445	6.38800010681152
2011	7	20	21.0572910308838	22.4729995727539	19.4750003814697	72.8365097045898	0
2011	7	21	21.5374164581299	22.798999786377	19.6959991455078	75.8052139282227	8.88178419700125e-16
2011	7	22	21.5927085876465	23.6110000610352	19.9200000762939	79.8766326904297	0
2011	7	23	20.4984169006348	22.3330001831055	17.2590007781982	81.9300079345703	1.11022302462516e-16
2011	7	24	21.1305408477783	23.7779998779297	17.9060001373291	71.8557205200195	0
2011	7	25	19.4566669464111	23.2290000915527	14.6809997558594	71.9050445556641	0
2011	7	26	19.933292388916	22.4090003967285	15.6510000228882	76.7424926757812	0
2011	7	27	19.8733329772949	22.4629993438721	16.4939994812012	83.7807083129883	1.00100002288818
2011	7	28	19.81862449646	22.3649997711182	16.1630001068115	78.5785217285156	0
2011	7	29	21.1094589233398	23.117000579834	18.5769996643066	82.6657028198242	0
2011	7	30	20.6782493591309	22.2350006103516	19.2229995727539	85.0252456665039	0
2011	7	31	20.8389587402344	22.9740009307861	17.8279991149902	83.4551315307617	0
2011	8	1	21.4481258392334	22.9109992980957	19.5450000762939	85.9858627319336	0
2011	8	2	21.2524166107178	23.2469997406006	18.8680000305176	86.2855529785156	0.0172000005841255
2011	8	3	21.7544574737549	24.1529998779297	18.6660003662109	80.5252456665039	0
2011	8	4	21.99049949646	24.1000003814697	19.6180000305176	85.8521270751953	-1.73472347597681e-18
2011	8	5	22.626708984375	24.4160003662109	20.8969993591309	88.0299530029297	0
2011	8	6	23.534875869751	25.3400001525879	21.0349998474121	87.3556747436523	0
2011	8	7	23.621000289917	24.8470001220703	20.6879997253418	83.0825500488281	0.740999984741211
2011	8	8	22.5362491607666	25.7520008087158	18.9050006866455	70.0874633789062	0
2011	8	9	21.5713748931885	25.3990001678467	17.3400001525879	66.8853225708008	0
2011	8	10	20.716833114624	24.4459991455078	15.3629999160767	67.9073104858398	0
2011	8	11	20.7279586791992	22.8150005340576	17.9139995574951	82.9545669555664	0
2011	8	12	21.1797924041748	23.4839992523193	17.7980003356934	81.6367797851562	-1.73472347597681e-18
2011	8	13	22.2959175109863	24.7210006713867	19.7700004577637	86.6792526245117	0
2011	8	14	22.6832490925079	25.242143130231	20.1690692871994	89.0592031968446	2.16840434497101e-19
2011	8	15	23.1890830993652	26.0900001525879	19.9549999237061	83.7056503295898	0
2011	8	16	24.3232917785645	27.5179996490479	20.9309997558594	75.6684494018555	0
2011	8	17	23.8875827789307	26.7000007629395	21.0860004425049	81.453369140625	0
2011	8	18	23.7238750457764	26.068000793457	21.4150009155273	85.4920196533203	1.0842021724855e-19
2011	8	19	23.3687915802002	25.6319999694824	20.6149997711182	83.2518844604492	0
2011	8	20	24.4406242370605	28.2320003509521	20.5739994049072	77.9017791748047	0
2011	8	21	25.5816669464111	30.3819999694824	21.3780002593994	66.01123046875	0
2011	8	22	24.5448341369629	27.8910007476807	21.2019996643066	70.9292602539062	0
2011	8	23	23.8480415344238	27.1609992980957	19.863000869751	73.0973281860352	0
2011	8	24	23.5557918548584	26.8640003204346	19.7840003967285	76.2364349365234	-2.22044604925031e-16
2011	8	25	24.1863746643066	28.3320007324219	19.5779991149902	70.6209259033203	0
2011	8	26	24.1514587402344	25.7740001678467	21.1359996795654	69.0194396972656	17.825
2011	8	27	22.6874160766602	25.7469997406006	18.5540008544922	71.3207473754883	0
2011	8	28	21.816125869751	24.2210006713867	18.6630001068115	81.3462677001953	0
2011	8	29	21.2707920074463	23.6940002441406	17.8080005645752	81.1661682128906	0
2011	8	30	21.9395408630371	24.0590000152588	19.1439990997314	84.0655059814453	0
2011	8	31	22.1381664276123	24.8680000305176	18.7339992523193	83.2518310546875	0
2011	9	1	23.4372501373291	27.1599998474121	19.693000793457	82.756233215332	5.55111512312578e-17
2011	9	2	24.136833190918	27.4860000610352	21.3889999389648	81.6122817993164	0
2011	9	3	23.5855827331543	26.7110004425049	21.193000793457	83.8979721069336	5.29000015258789
2011	9	4	22.5276660919189	24.3729991912842	20.1879997253418	81.7924194335938	12.2400001525879
2011	9	5	22.6762084960938	24.9060001373291	20.4370002746582	76.2305679321289	8.88178419700125e-16
2011	9	6	21.9323329925537	23.6280002593994	20.0230007171631	84.7369842529297	0
2011	9	7	21.2556247711182	23.4060001373291	18.3689994812012	85.034538269043	-4.44089209850063e-16
2011	9	8	21.3666667938232	24.1809997558594	17.5650005340576	84.0178756713867	0
2011	9	9	21.6868324279785	24.3969993591309	18.3339996337891	86.3739776611328	0
2011	9	10	21.6542491912842	24.1200008392334	18.5909996032715	89.9465408325195	0.00299999993294477
2011	9	11	22.2533340454102	24.173999786377	20.1049995422363	87.172737121582	1.30104260698261e-18
2011	9	12	22.3637084960938	25.5739994049072	18.7749996185303	81.3303833007812	0
2011	9	13	22.3417091369629	24.6100006103516	20.0839996337891	86.9498748779297	2.16840434497101e-19
2011	9	14	21.890832901001	24.2940006256104	18.7250003814697	86.0692901611328	0
2011	9	15	21.8628749847412	24.3379993438721	18.7959995269775	81.9323501586914	-4.33680868994202e-19
2011	9	16	21.3285834877806	23.2873110265646	18.9681645799951	78.2455287218497	0
2011	9	17	20.3375118793438	21.6542727320915	18.5322131575973	74.7581224858564	-6.93889390390723e-18
2011	9	18	19.3577780964939	20.4573479456876	17.5869052632124	70.7124061971204	0
2011	9	19	18.8575000762939	20.7150001525879	16.2310009002686	65.3506546020508	0.559999990463257
2011	9	20	18.988000869751	22.1979999542236	14.8430004119873	61.1339416503906	0
2011	9	21	19.2122497558594	21.9370002746582	14.9840002059937	68.3920211791992	5.55111512312578e-17
2011	9	22	20.1187076568604	23.0669994354248	16.8540000915527	78.1857833862305	0
2011	9	23	20.2447490692139	24.2229995727539	16.2789993286133	77.2839279174805	-6.93889390390723e-18
2011	9	24	20.3949165344238	23.3519992828369	17.0279998779297	82.2331008911133	0
2011	9	25	20.6739158630371	23.2609996795654	16.8780002593994	82.7952423095703	0.25
2011	9	26	20.3573341369629	23.8010005950928	17.0639991760254	74.0732040405273	0
2011	9	27	20.6874580383301	24.6560001373291	17.0400009155273	68.1874542236328	0
2011	9	28	20.7398338317871	24.8929996490479	17.1049995422363	66.200927734375	0
2011	9	29	20.6098747253418	24.8449993133545	16.4640007019043	67.6567993164062	0
2011	9	30	20.0702075958252	24.4440002441406	15.8400001525879	65.5240249633789	0
2011	10	1	19.646333694458	23.2880001068115	15.3100004196167	69.3383941650391	0
2011	10	2	20.2020416259766	23.931999206543	16.5659999847412	70.1515350341797	0
2011	10	3	19.8162078857422	24.2730007171631	14.6850004196167	67.6689605712891	4.33680868994202e-19
2011	10	4	19.0224170684814	21.9769992828369	15.3319997787476	78.4178466796875	0
2011	10	5	19.2750415802002	22.753999710083	15.6890001296997	77.1411514282227	-6.93889390390723e-18
2011	10	6	19.0372085571289	21.6580009460449	16.003999710083	86.8879241943359	0
2011	10	7	19.4570007324219	22.1389999389648	15.9610004425049	56.4814033508301	0.555000019073486
2011	10	8	15.5592918395996	19.4750003814697	11.581000328064	57.5471839904785	0
2011	10	9	14.2818746566772	18.0690002441406	11.1529998779297	55.112232208252	-1.11022302462516e-16
2011	10	10	14.7473335266113	18.1919994354248	9.34799957275391	67.5925598144531	0
2011	10	11	17.5025825500488	20.382999420166	13.6619997024536	84.9188079833984	3.46944695195361e-18
2011	10	12	17.6317081451416	19.9039993286133	15.0719995498657	91.765495300293	0.0165000006556511
2011	10	13	18.5684585571289	22.69700050354	15.3540000915527	72.1147994995117	0
2011	10	14	15.7777500152588	18.1809997558594	13.0100002288818	59.2896575927734	0
2011	10	15	13.4997501373291	16.9179992675781	10.7370004653931	55.3568878173828	0
2011	10	16	12.8048753738403	17.1580009460449	9.3769998550415	61.4382667541504	0
2011	10	17	13.1205835342407	17.4120006561279	8.95899963378906	65.4128646850586	0
2011	10	18	12.9548749923706	16.7590007781982	7.81599998474121	73.4360046386719	0
2011	10	19	16.3157501220703	19.1159992218018	12.3210000991821	78.0477981567383	8.88178419700125e-16
2011	10	20	14.4803333282471	17.003999710083	11.503999710083	79.5739440917969	30.7880004882812
2011	10	21	12.7374582290649	15.6450004577637	10.3000001907349	64.5535125732422	0
2011	10	22	11.3440837860107	15.1260004043579	8.44299983978271	65.8038482666016	0
2011	10	23	10.9755830764771	15.4379997253418	7.25400018692017	70.9115142822266	8.88178419700125e-16
2011	10	24	13.3415832519531	17.625	9.71500015258789	73.732307434082	0.294000005722046
2011	10	25	16.4754581451416	18.6560001373291	12.6840000152588	88.2050247192383	16.3356994628906
2011	10	26	17.2377490997314	18.4009990692139	15.5340003967285	84.9846725463867	51.1217010498047
2011	10	27	14.3579998016357	18.2229995727539	10.8520002365112	72.876091003418	-3.5527136788005e-15
2011	10	28	14.6999168395996	19.0990009307861	11.1459999084473	79.0405426025391	0
2011	10	29	14.8151664733887	19.0779991149902	11.4770002365112	82.1684951782227	-8.88178419700125e-16
2011	10	30	14.1709995269775	18.3190002441406	10.6239995956421	78.1817474365234	0
2011	10	31	14.3237495422363	18.1310005187988	10.8830003738403	78.2886047363281	0
