"anno"	"mese"	"giorno"	"tmed"	"tmax"	"tmin"	"urel"	"prec"
2011	4	1	12.9442920684814	17.8309993743896	8.52700042724609	81.1611633300781	0
2011	4	2	12.971791267395	17.3759994506836	8.99499988555908	83.6006469726562	-3.46944695195361e-18
2011	4	3	12.0823745727539	15.9460000991821	8.12199974060059	90.5541305541992	0.0310000002384186
2011	4	4	13.3066663742065	16.7749996185303	8.94200038909912	88.6167449951172	0.0340000003576279
2011	4	5	14.09375	19.0779991149902	9.69400024414062	67.9735488891602	0
2011	4	6	13.251916885376	18.8099994659424	7.65399980545044	64.8067169189453	-1.73472347597681e-18
2011	4	7	14.3707504272461	19.2350006103516	9.73099994659424	77.0820922851562	0
2011	4	8	14.4272079467773	17.7360000610352	11.6180000305176	87.0634002685547	0
2011	4	9	14.7872085571289	19.2360000610352	10.0609998703003	86.8083877563477	0.053329998254776
2011	4	10	16.1180419921875	23.3490009307861	8.88300037384033	64.4394226074219	0.00316499993205071
2011	4	11	15.5851249694824	23.0970001220703	8.16899967193604	59.7219886779785	0
2011	4	12	14.5965003967285	17.9370002746582	10.6619997024536	84.5534133911133	0.227800011634827
2011	4	13	12.8706245422363	16.621000289917	8.44999980926514	60.5760917663574	0.407399988174438
2011	4	14	11.1960000991821	15.9829998016357	6.95300006866455	73.3919448852539	3.10599994659424
2011	4	15	10.7203750610352	14.8620004653931	6.71500015258789	74.5373077392578	12.2940002441406
2011	4	16	11.5543336868286	17.4860000610352	4.20900011062622	62.1789054870605	0.0699999988079072
2011	4	17	12.0323333740234	17.6550006866455	5.27199983596802	62.6921997070312	0
2011	4	18	11.4896249771118	17.0860004425049	4.23299980163574	64.6462173461914	-4.44089209850063e-16
2011	4	19	12.803750038147	19.7630004882812	4.35400009155273	60.8486671447754	0
2011	4	20	12.762583732605	19.4409999847412	4.65199995040894	64.3993225097656	-2.77555756156289e-17
2011	4	21	13.5562496185303	19.0069999694824	7.23899984359741	67.9698715209961	0
2011	4	22	13.9158334732056	21.113000869751	6.1710000038147	62.6111831665039	0.0699999988079071
2011	4	23	14.7200412750244	18.6019992828369	12.7370004653931	81.2263336181641	1.11379995346069
2011	4	24	14.84850025177	18.5559997558594	11.2379999160767	79.1071243286133	0.0270000010728838
2011	4	25	16.3945007324219	23.3169994354248	9.37399959564209	71.0513916015625	3.82200012207031
2011	4	26	16.4685840606689	22.4780006408691	9.96500015258789	65.5123062133789	6.80400009155273
2011	4	27	15.263500213623	20.0820007324219	9.46599960327148	71.7140731811523	2.86499996185303
2011	4	28	14.1705417633057	19.4860000610352	7.89699983596802	74.4278030395508	0.648000001907349
2011	4	29	14.244291305542	19.996000289917	7.99599981307983	73.4322204589844	0.0829999983310699
2011	4	30	15.608416557312	21.0650005340576	10.1129999160767	71.6626358032227	7.98499984741211
2011	5	1	15.5998754501343	20.3010005950928	9.76000022888184	71.8093490600586	0.757999992370605
2011	5	2	15.8924999237061	21.1229991912842	9.2819995880127	75.8257904052734	0.182500004768371
2011	5	3	16.7935829162598	20.5470008850098	13.3030004501343	77.4075927734375	0.00500000007450581
2011	5	4	14.8668746948242	19.625	7.50400018692017	72.8717498779297	1.26199998855591
2011	5	5	14.2113752365112	21.0100002288818	7.27500009536743	56.8934783935547	0
2011	5	6	14.4234580993652	20.7970008850098	6.35400009155273	60.5152816772461	0
2011	5	7	14.6060829162598	19.6420001983643	7.9539999961853	73.8032608032227	0
2011	5	8	14.9262642041458	19.2896408094264	10.1961293579332	66.0998508139616	-1.38777878078145e-17
2011	5	9	15.5862083435059	20.5750007629395	10.7320003509521	53.4774627685547	0
2011	5	10	16.529541015625	23.2049999237061	9.01500034332275	57.1099395751953	-3.46944695195361e-18
2011	5	11	17.0423678155771	24.1460284406005	8.31281221071925	68.7591291928727	0
2011	5	12	17.033564934718	23.3184944284944	8.84953183363131	81.4577238364305	-5.55111512312578e-17
2011	5	13	16.6219153958263	21.613246107587	9.78334552665983	90.5381071855539	0
2011	5	14	15.9262022216803	19.9211316980777	10.2724396044057	91.3326629199281	0
2011	5	15	15.0652084350586	19.132999420166	9.47500038146973	79.1737747192383	18.7169998168945
2011	5	16	14.41100025177	19.4570007324219	7.54699993133545	62.8488159179688	-1.77635683940025e-15
2011	5	17	15.2208337783813	20.3190002441406	7.66200017929077	73.0413360595703	0
2011	5	18	17.1654167175293	23.9109992980957	9.17500019073486	63.2332496643066	0
2011	5	19	16.8766250610352	22.3040008544922	9.53600025177002	72.8094024658203	0
2011	5	20	17.7042922973633	21.8689994812012	12.4940004348755	74.2160720825195	0
2011	5	21	18.9932079315186	23.7210006713867	12.4049997329712	71.754997253418	0
2011	5	22	19.4325008392334	25.9990005493164	11.8100004196167	64.0833587646484	0
2011	5	23	21.297082901001	27.4090003967285	13.3859996795654	62.184986114502	0
2011	5	24	21.3539581298828	27.1830005645752	14.3819999694824	65.489990234375	0
2011	5	25	22.8145008087158	29.1420001983643	14.8610000610352	59.9776992797852	0
2011	5	26	21.244499206543	28.2070007324219	13.6579999923706	65.1530227661133	1.35525271560688e-20
2011	5	27	20.6075420379639	24.7630004882812	15.826000213623	76.4467697143555	0
2011	5	28	18.9293746948242	22.7019996643066	13.1450004577637	57.4730110168457	0
2011	5	29	18.4128341674805	23.8619995117188	10.8920001983643	66.3061065673828	0
2011	5	30	19.4745426177979	24.9689998626709	10.7019996643066	62.8860015869141	1.73472347597681e-18
2011	5	31	18.7901668548584	23.2329998016357	13.0659999847412	72.8127288818359	0.00199999995529652
2011	6	1	20.9135417938232	26.8859996795654	14.9770002365112	74.1698760986328	0.0109999999403954
2011	6	2	20.5785827636719	25.6159992218018	15.4610004425049	77.8673248291016	0.230999994277954
2011	6	3	19.011417388916	22.9120006561279	13.9370002746582	84.8299942016602	6.68199996948242
2011	6	4	19.9653759002686	23.4629993438721	17.9230003356934	84.5604019165039	12.4070999145508
2011	6	5	19.2971248626709	22.1800003051758	16.6450004577637	80.6734237670898	6.15099983215332
2011	6	6	18.4654579162598	20.9020004272461	14.0799999237061	80.0331344604492	0.1
2011	6	7	18.8877925872803	22.5590000152588	15.0480003356934	75.3121948242188	-3.05311331771918e-16
2011	6	8	19.0831241607666	21.7310009002686	16.4710006713867	82.4156723022461	0
2011	6	9	19.0082912445068	21.9160003662109	16.2430000305176	82.0817337036133	0
2011	6	10	19.1629581451416	22.0300006866455	16.511999130249	84.6184844970703	0
2011	6	11	19.9389991760254	23.8209991455078	15.3369998931885	80.6758880615234	0
2011	6	12	20.5074577331543	26.0009994506836	14.6350002288818	74.7205963134766	0
2011	6	13	20.5596256256104	24.1639995574951	16.5410003662109	78.0469436645508	0
2011	6	14	20.968542098999	24.9850006103516	16.5419998168945	81.3168334960938	0
2011	6	15	22.007791519165	25.7220001220703	17.44700050354	83.1045532226562	-6.7762635780344e-21
2011	6	16	22.076208114624	25.5149993896484	17.6979999542236	66.3200836181641	0
2011	6	17	20.0175838470459	23.8050003051758	14.5710000991821	76.1425476074219	1.05879118406788e-21
2011	6	18	20.2765007019043	24.4150009155273	15.4479999542236	80.1183242797852	0
2011	6	19	21.1903324127197	25.9570007324219	15.8909997940063	75.7964477539062	-6.7762635780344e-21
2011	6	20	21.5403327941895	25.5869998931885	16.3150005340576	82.9966278076172	0
2011	6	21	21.6223754882812	25.2670001983643	17.6359996795654	82.5668182373047	-2.16840434497101e-19
2011	6	22	21.9454574584961	26.8910007476807	16.3659992218018	65.9898071289062	0
2011	6	23	22.2654590606689	28.5839996337891	14.8859996795654	56.2405700683594	3.46944695195361e-18
2011	6	24	22.2279586791992	26.4370002746582	17.5550003051758	76.3418960571289	0
2011	6	25	22.4817924499512	26.2970008850098	17.9449996948242	83.3059234619141	0.0252999991178512
2011	6	26	23.1975002288818	26.4559993743896	19.8759994506836	84.7465133666992	0
2011	6	27	23.5884590148926	27.3920001983643	18.9479999542236	78.4971466064453	0.00599999986589017
2011	6	28	23.2760829925537	27.4169998168945	17.4270000457764	77.7424774169922	10.3986999511719
2011	6	29	21.8375415802002	26.8360004425049	15.8380002975464	62.3415756225586	8.88178419700125e-16
2011	6	30	20.7157077789307	25.9349994659424	13.83899974823	61.5364875793457	0
2011	7	1	22.4995002746582	26.6830005645752	17.1480007171631	78.437744140625	6.66133814775094e-16
2011	7	2	22.5887908935547	26.628999710083	18.3999996185303	81.6949920654297	3.36040000915527
2011	7	3	22.3384660098078	26.4643370495321	18.6548718309945	81.4617779049001	0
2011	7	4	22.4202255117976	26.5376360607763	18.8441681220215	82.3158318861544	0
2011	7	5	22.7536034787766	26.7852625671354	18.9776682381329	83.9155576175258	0
2011	7	6	23.2581339899971	27.1435823919293	19.0651519258503	85.9193587073471	0
2011	7	7	23.8533511247114	27.5489613584779	19.1163989316955	87.9856387639513	-6.93889390390723e-18
2011	7	8	24.4587889621719	27.9377652901011	19.1411890021902	89.7728013956716	0
2011	7	9	24.9939815816311	28.2463600101187	19.1493018838561	90.9392502108409	0
2011	7	10	25.3784630623413	28.4111113418507	19.1505173232149	91.1433888177923	0
2011	7	11	25.5317674835548	28.3683851086168	19.1546150667882	90.0436208248586	-1.35525271560688e-20
2011	7	12	25.373428924524	28.0545471337371	19.1713748610978	87.2983498403731	0
2011	7	13	24.8229814645014	27.4059632405313	19.2105764526654	82.5659794726686	0
2011	7	14	23.7999591827393	26.3589992523193	19.2819995880127	75.5049133300781	0
2011	7	15	22.4697914123535	25.1609992980957	19.136999130249	68.8428268432617	3.46944695195361e-18
2011	7	16	22.0663757324219	25.443000793457	18.1070003509521	71.554313659668	0
2011	7	17	23.0060005187988	26.9629993438721	17.8190002441406	73.1311569213867	0
2011	7	18	21.9026660919189	24.0410003662109	18.636999130249	69.1895217895508	0
2011	7	19	20.4853744506836	24.4689998626709	16.1669998168945	71.3079147338867	5.39300003051758
2011	7	20	20.3369159698486	23.4890003204346	16.6709995269775	69.4806365966797	0
2011	7	21	21.0829162597656	23.9160003662109	16.753999710083	73.463737487793	-8.88178419700125e-16
2011	7	22	21.2273330688477	25.6019992828369	16.4519996643066	76.8360595703125	0
2011	7	23	20.2843742370605	23.746000289917	15.2670001983643	77.2037811279297	0
2011	7	24	20.2553329467773	25.1420001983643	14.956000328064	67.4318542480469	0
2011	7	25	19.1292915344238	24.9740009307861	11.8570003509521	64.5479125976562	-2.77555756156289e-17
2011	7	26	19.8252086639404	24.7059993743896	13.3479995727539	69.7544708251953	0
2011	7	27	19.8427505493164	24.0949993133545	14.4779996871948	78.5969161987305	1.56300001144409
2011	7	28	19.8335418701172	24.3770008087158	14.4949998855591	73.6598587036133	0
2011	7	29	21.3267498016357	25.4720001220703	16.7749996185303	76.3860855102539	0.260999989509582
2011	7	30	20.7068748474121	24.0170001983643	17.3250007629395	80.4825897216797	0
2011	7	31	21.1503753662109	25.1340007781982	15.9309997558594	78.6499862670898	-2.77555756156289e-17
2011	8	1	21.5656242370605	24.8540000915527	17.9150009155273	81.0108642578125	0
2011	8	2	21.388500213623	25.5480003356934	17.2709999084473	81.531608581543	0.0379999995231628
2011	8	3	22.2528324127197	27.0270004272461	16.5139999389648	73.4627914428711	0
2011	8	4	22.2809581756592	26.6079998016357	17.7040004730225	79.5822219848633	0
2011	8	5	23.0990409851074	26.943000793457	19.6889991760254	83.461181640625	0
2011	8	6	23.9152088165283	27.4529991149902	19.4020004272461	82.2240295410156	1.11022302462516e-16
2011	8	7	23.4540824890137	26.3110008239746	18.4400005340576	80.2944946289062	2.99409999847412
2011	8	8	22.4652080535889	28.2029991149902	16.6989994049072	62.3262481689453	0
2011	8	9	21.193416595459	26.9909992218018	14.7650003433228	58.51708984375	0
2011	8	10	20.4563751220703	26.9780006408691	12.7019996643066	59.4060363769531	-1.11022302462516e-16
2011	8	11	20.4311256408691	24.6380004882812	15.4209995269775	76.7342758178711	0
2011	8	12	21.170166015625	25.5610008239746	15.4519996643066	76.2880325317383	0
2011	8	13	22.6747074127197	27.4489994049072	18.1180000305176	81.5724258422852	0
2011	8	14	23.4240755114918	28.2540699972842	18.747773447952	82.157558297146	0
2011	8	15	24.1563758850098	29.4130001068115	18.5310001373291	74.1447067260742	0
2011	8	16	25.2985000610352	31.488000869751	19.6100006103516	65.1607208251953	2.71050543121376e-20
2011	8	17	24.619083404541	30.5860004425049	19.443000793457	73.8270645141602	0
2011	8	18	23.8480834960938	28.4990005493164	19.7350006103516	79.7866516113281	-5.42101086242752e-20
2011	8	19	23.777416229248	28.5429992675781	18.6580009460449	76.749137878418	0
2011	8	20	25.7316665649414	32.6870002746582	18.7049999237061	68.8346557617188	0
2011	8	21	26.4328746795654	34.9290008544922	19.8479995727539	56.4031829833984	0
2011	8	22	24.8396244049072	31.1189994812012	19.0879993438721	62.2320823669434	0
2011	8	23	23.8853740692139	30.3850002288818	17.3360004425049	65.1181564331055	0
2011	8	24	23.5827922821045	29.9740009307861	16.826000213623	67.6465072631836	-1.11022302462516e-16
2011	8	25	24.5008335113525	32.1769981384277	16.6219997406006	60.2837829589844	0
2011	8	26	22.9759159088135	26.7830009460449	17.8560009002686	61.3537139892578	12.0870002746582
2011	8	27	21.871166229248	27.8430004119873	15.335000038147	62.5751419067383	0
2011	8	28	21.5649585723877	26.6459999084473	16.5219993591309	74.3383636474609	2.66453525910038e-15
2011	8	29	21.0303745269775	25.7250003814697	15.5050001144409	76.3108901977539	0
2011	8	30	21.773250579834	26.0230007171631	16.7189998626709	79.3474807739258	0
2011	8	31	22.439208984375	27.6410007476807	16.7859992980957	76.8642349243164	0
2011	9	1	23.9276256561279	30.3530006408691	18.2250003814697	76.0742568969727	0
2011	9	2	24.9779167175293	31.3740005493164	20.3390007019043	74.0427398681641	0
2011	9	3	23.849458694458	29.4139995574951	20.128999710083	79.6980133056641	12.2599998474121
2011	9	4	22.2535839080811	25.7870006561279	18.5520000457764	78.6886978149414	26.5899993896484
2011	9	5	22.0905418395996	26.9850006103516	17.2590007781982	74.1481246948242	-3.5527136788005e-15
2011	9	6	21.4463748931885	25.007999420166	17.5699996948242	82.6667251586914	0
2011	9	7	21.0033740997314	25.1770000457764	16.2439994812012	81.9277572631836	-8.88178419700125e-16
2011	9	8	21.5216674804688	27.0669994354248	15.96399974823	79.8991622924805	0
2011	9	9	21.8505001068115	27.0359992980957	16.556999206543	81.375129699707	0
2011	9	10	21.7711658477783	26.3719997406006	17.2759990692139	85.8063201904297	0.00299999993294477
2011	9	11	22.1156673431396	25.9260005950928	18.121000289917	82.2186889648438	4.77048955893622e-18
2011	9	12	22.7657508850098	29.128999710083	17.3430004119873	74.282600402832	0
2011	9	13	22.9444160461426	27.4650001525879	18.8159999847412	78.4282836914062	-1.0842021724855e-19
2011	9	14	22.3051662445068	26.94700050354	17.3339996337891	76.3296966552734	0
2011	9	15	22.2224578857422	27.0319995880127	17.3299999237061	70.523307800293	0
2011	9	16	21.3827539552924	25.3186289059983	17.4743179385278	67.9645828364791	0
2011	9	17	19.9366832462003	22.6850500762112	17.0565784104027	67.2408837367925	-1.38777878078145e-17
2011	9	18	18.650583501746	20.8029460709895	16.1867997533702	64.9717988447595	0
2011	9	19	18.29079246521	21.3439998626709	14.9750003814697	57.7769165039063	1.62999992370605
2011	9	20	18.9908752441406	24.0230007171631	13.706000328064	49.1280746459961	0
2011	9	21	19.3489589691162	24.0750007629395	13.7159996032715	58.4071197509766	-1.11022302462516e-16
2011	9	22	20.4416675567627	25.7639999389648	15.701000213623	67.8695983886719	0
2011	9	23	21.0963325500488	27.2150001525879	15.1009998321533	66.0554733276367	0.0100000001490116
2011	9	24	20.9506244659424	26.30299949646	15.9029998779297	71.4115600585938	0
2011	9	25	21.4546241760254	26.1110000610352	16.503999710083	71.7273941040039	0.00120000001043082
2011	9	26	21.0680828094482	26.5170001983643	15.951000213623	62.1076850891113	0
2011	9	27	21.529333114624	27.7999992370605	15.6040000915527	55.1428375244141	0
2011	9	28	21.2409591674805	27.738000869751	15.5100002288818	54.2496223449707	0
2011	9	29	21.0060424804688	27.511999130249	14.8090000152588	55.673900604248	1.0842021724855e-19
2011	9	30	20.3877506256104	27.2509994506836	13.9569997787476	53.2744255065918	0
2011	10	1	19.8900833129883	25.4589996337891	13.5729999542236	58.3422012329102	-8.67361737988404e-19
2011	10	2	20.6061668395996	26.4759998321533	15.0089998245239	58.8833465576172	0
2011	10	3	20.3702507019043	27.3689994812012	13.3610000610352	53.2047805786133	-6.93889390390723e-18
2011	10	4	19.0199584960938	24.4820003509521	13.4879999160767	68.7094955444336	0
2011	10	5	19.7146244049072	25.798999786377	14.2130002975464	66.2796478271484	1.11022302462516e-16
2011	10	6	18.7590827941895	23.4799995422363	14.1619997024536	81.9519119262695	0
2011	10	7	18.8479175567627	23.1809997558594	14.1579999923706	45.6636924743652	11.1389999389648
2011	10	8	15.0356664657593	20.7350006103516	9.46599960327148	44.3328819274902	0
2011	10	9	13.5843334197998	19.0480003356934	9.09899997711182	41.2177925109863	8.88178419700125e-16
2011	10	10	14.0893335342407	19.181999206543	7.11299991607666	57.9078903198242	0
2011	10	11	17.0521659851074	22.4559993743896	11.3570003509521	78.3275146484375	-5.55111512312578e-17
2011	10	12	17.5426254272461	21.6870002746582	13.7259998321533	87.8627548217773	0.000400000018998981
2011	10	13	18.4002914428711	24.3330001831055	13.71399974823	64.0674819946289	6.93889390390723e-18
2011	10	14	15.273458480835	18.7360000610352	11.6660003662109	47.727855682373	0
2011	10	15	12.9183750152588	17.7670001983643	8.88399982452393	42.9247131347656	6.93889390390723e-18
2011	10	16	12.5087080001831	18.7350006103516	7.25400018692017	49.8496513366699	0
2011	10	17	12.5550413131714	18.5249996185303	7.14400005340576	54.7641410827637	0
2011	10	18	12.2727499008179	18.2070007324219	5.82200002670288	64.7775268554688	0
2011	10	19	15.8328332901001	20.6800003051758	9.80900001525879	70.9504852294922	0
2011	10	20	13.4163751602173	15.8319997787476	9.97999954223633	73.5706405639648	29.3190002441406
2011	10	21	12.2900419235229	16.2609996795654	9.14200019836426	54.4504356384277	1.77635683940025e-15
2011	10	22	10.7214584350586	15.956000328064	6.83699989318848	54.5988922119141	0
2011	10	23	10.3287496566772	16.2810001373291	5.55299997329712	61.5054626464844	0
2011	10	24	13.0799999237061	18.4979991912842	8.61499977111816	65.0086212158203	0.124000000953674
2011	10	25	16.4939994812012	19.8819999694824	12.1029996871948	84.6193008422852	14.7524002075195
2011	10	26	16.7545833587646	19.2730007171631	13.3879995346069	82.9484710693359	57.2244018554687
2011	10	27	14.3937501907349	19.7999992370605	9.7480001449585	63.2527961730957	0
2011	10	28	14.5509996414185	20.5240001678467	10.0389995574951	71.7404174804688	0
2011	10	29	14.6090831756592	20.4529991149902	10.1149997711182	74.8260345458984	-1.77635683940025e-15
2011	10	30	13.8251667022705	19.5499992370605	9.40900039672852	69.8605346679688	0
2011	10	31	14.1672496795654	19.3649997711182	9.63500022888184	70.3261032104492	5.55111512312578e-17
