"anno"	"mese"	"giorno"	"tmed"	"tmax"	"tmin"	"urel"	"prec"
2011	4	1	13.4690837860107	14.6770000457764	11.7950000762939	83.0997543334961	0
2011	4	2	13.8098335266113	14.1009998321533	13.289999961853	86.5233993530273	0
2011	4	3	13.3547916412354	13.6590003967285	13.1330003738403	89.1236267089844	0
2011	4	4	13.636625289917	14.3059997558594	12.9779996871948	90.3126602172852	-1.6940658945086e-21
2011	4	5	14.2032499313354	16.2199993133545	12.0430002212524	78.2509918212891	0
2011	4	6	14.3174161911011	15.2270002365112	11.83899974823	78.8174667358398	0
2011	4	7	14.9473752975464	15.4479999542236	12.9720001220703	81.7864227294922	0
2011	4	8	14.7160415649414	15.2849998474121	14.4130001068115	89.8729248046875	0
2011	4	9	15.7373752593994	17.2390003204346	14.168999671936	86.0978851318359	0
2011	4	10	16.1418342590332	18.4440002441406	14.3669996261597	77.5598602294922	-6.93889390390723e-18
2011	4	11	16.5874176025391	17.9379997253418	14.7089996337891	65.8473052978516	0
2011	4	12	15.2984170913696	16.886999130249	14.7440004348755	78.0274887084961	0.48600001335144
2011	4	13	14.5567083358765	15.875	13.2959995269775	68.0037155151367	0
2011	4	14	13.6334581375122	14.3149995803833	12.8520002365112	80.1288146972656	2.6257999420166
2011	4	15	13.0243330001831	15.1490001678467	9.71500015258789	77.5917587280273	12.2959999084473
2011	4	16	13.5461254119873	15.5670003890991	9.13399982452393	72.6692352294922	1.77635683940025e-15
2011	4	17	13.6479587554932	15.456000328064	10.5209999084473	73.5716781616211	0
2011	4	18	13.4221248626709	14.5710000991821	9.76799964904785	76.3424682617188	2.22044604925031e-16
2011	4	19	14.1666250228882	15.6960000991821	10.3229999542236	72.2657165527344	0
2011	4	20	14.497124671936	16.2399997711182	11.2320003509521	69.1766815185547	5.55111512312578e-17
2011	4	21	14.2961254119873	14.9320001602173	12.7209997177124	76.0796203613281	0
2011	4	22	14.5617504119873	15.8660001754761	11.7840003967285	72.9585266113281	0.0579999983310702
2011	4	23	15.0361661911011	16.0809993743896	14.1009998321533	85.1869583129883	7.56539993286133
2011	4	24	14.8409996032715	15.3280000686646	13.9779996871948	88.8379211425781	-1.33226762955019e-15
2011	4	25	15.9664583206177	17.8799991607666	13.6800003051758	79.6014175415039	0.0479999989271164
2011	4	26	16.9555835723877	19.0130004882812	15.1409997940063	71.01953125	-9.0205620750794e-17
2011	4	27	15.641583442688	17.5930004119873	13.9680004119873	79.2599639892578	0
2011	4	28	15.177791595459	16.0949993133545	13.0979995727539	82.6455764770508	0
2011	4	29	15.4260416030884	16.6830005645752	13.4860000610352	80.564094543457	0
2011	4	30	16.2408752441406	17.7959995269775	13.3620004653931	79.0485916137695	1.27299995422363
2011	5	1	16.3402080535889	17.4599990844727	14.3830003738403	80.1711883544922	0
2011	5	2	15.9880418777466	17.6790008544922	14.9029998779297	81.4577255249023	2.22044604925031e-16
2011	5	3	16.8739166259766	17.7350006103516	15.2880001068115	82.247932434082	0
2011	5	4	16.6227912902832	18.076000213623	15.0349998474121	76.9949417114258	8.93099975585938
2011	5	5	15.8148336410522	17.7950000762939	13.3909997940063	72.7733001708984	0
2011	5	6	16.1743335723877	17.2119998931885	14.9379997253418	75.4294357299805	0
2011	5	7	15.7752914428711	16.1900005340576	15.1999998092651	81.8765182495117	0
2011	5	8	15.8280704785476	16.1415831769136	15.6972762381111	78.9732596719878	5.55111512312578e-17
2011	5	9	16.3881664276123	17.363000869751	15.28600025177	73.7766342163086	0
2011	5	10	16.9977493286133	19.3239994049072	12.9949998855591	75.4336853027344	-3.25260651745651e-19
2011	5	11	17.549594978556	20.3876689741506	12.5890594649602	79.056094418099	0
2011	5	12	17.9627049156326	20.4656012907777	13.9995686349327	82.0827054878172	-1.11022302462516e-16
2011	5	13	18.1397004917883	19.9560988471971	15.8199480396186	83.5086298831539	0
2011	5	14	17.9832030589678	19.2574641358176	16.6436183231602	82.328978975374	0
2011	5	15	17.3958339691162	18.7679996490479	15.0640001296997	77.5388641357422	32.9385986328125
2011	5	16	16.558500289917	18.3689994812012	12.3430004119873	73.4110488891602	1.77635683940025e-15
2011	5	17	16.5736675262451	17.3479995727539	14.9169998168945	81.9462966918945	0
2011	5	18	17.5427074432373	18.4930000305176	14.8760004043579	79.1549224853516	0
2011	5	19	17.8632907867432	19.0699996948242	16.0200004577637	76.1621398925781	0
2011	5	20	17.8740825653076	18.3939990997314	16.8479995727539	83.2814407348633	0
2011	5	21	18.7616672515869	20.1609992980957	16.7059993743896	79.735107421875	0
2011	5	22	19.5219173431396	20.4619998931885	18.2049999237061	77.030647277832	-3.46944695195361e-18
2011	5	23	20.8339576721191	24.0279998779297	18.7900009155273	72.9999542236328	0
2011	5	24	20.6872501373291	22.4669990539551	19.132999420166	77.4284133911133	4.33680868994202e-19
2011	5	25	21.4280834197998	22.8680000305176	19.738000869751	74.6820220947266	0
2011	5	26	21.1521244049072	21.7530002593994	19.7789993286133	73.3160934448242	0
2011	5	27	20.4162502288818	21.1940002441406	19.451000213623	86.6835403442383	0
2011	5	28	20.0429592132568	21.6700000762939	17.9829998016357	69.5055084228516	4.33680868994202e-19
2011	5	29	19.283166885376	20.326000213623	17.1049995422363	79.9777984619141	0
2011	5	30	19.9284591674805	21.1259994506836	17.5069999694824	76.0791397094727	0
2011	5	31	19.1237907409668	19.5919990539551	18.4300003051758	85.3179244995117	0
2011	6	1	20.6009578704834	22.1639995574951	18.7560005187988	81.251953125	-1.11022302462516e-16
2011	6	2	20.0835838317871	20.7360000610352	19.2399997711182	83.1794738769531	0
2011	6	3	19.2196674346924	20.1149997711182	17.5030002593994	87.0270843505859	2.64200000762939
2011	6	4	19.5817089080811	20.5459995269775	18.6830005645752	89.5150985717773	35.8170013427734
2011	6	5	19.3216667175293	19.7759990692139	18.2719993591309	86.8837051391602	18.5710006713867
2011	6	6	19.2555828094482	20.0279998779297	17.4249992370605	85.6858215332031	32.3915985107422
2011	6	7	19.1096248626709	19.7639999389648	17.8899993896484	85.4654922485352	1.77635683940025e-15
2011	6	8	19.043249130249	19.6280002593994	17.9500007629395	87.5018463134766	0
2011	6	9	18.9714584350586	19.326000213623	18.0790004730225	89.1352615356445	0
2011	6	10	19.0814170837402	19.3570003509521	18.4769992828369	89.1067657470703	0
2011	6	11	19.486291885376	20.1280002593994	18.4440002441406	87.795036315918	1.11022302462516e-16
2011	6	12	20.2768745422363	21.2770004272461	19.0319995880127	81.1852951049805	0
2011	6	13	20.2748336791992	20.6809997558594	19.8530006408691	85.9387817382812	3.46944695195361e-18
2011	6	14	20.7883338928223	21.1979999542236	20.0130004882812	87.3382263183594	0
2011	6	15	21.3859577178955	21.7649993896484	20.1639995574951	91.5083160400391	0.0170000001788139
2011	6	16	22.3084163665771	23.9039993286133	20.2129993438721	72.6833190917969	0
2011	6	17	20.3915424346924	21.1949996948242	17.5900001525879	85.5284729003906	0
2011	6	18	20.3824157714844	20.7210006713867	19.4449996948242	87.4382019042969	0
2011	6	19	20.791166305542	21.2709999084473	20.3439998626709	84.6449661254883	-1.0842021724855e-19
2011	6	20	21.0313758850098	21.3810005187988	20.3880004882812	90.2033157348633	0
2011	6	21	21.3840827941895	22.2210006713867	20.6009998321533	89.1386795043945	-5.42101086242752e-20
2011	6	22	21.5443744659424	22.3719997406006	19.6830005645752	83.177360534668	0
2011	6	23	22.30299949646	23.3430004119873	20.871000289917	74.4288482666016	0
2011	6	24	22.0601253509521	22.4440002441406	21.5960006713867	86.2145538330078	0
2011	6	25	22.5424575805664	23.1599998474121	21.7840003967285	89.7064514160156	-1.38777878078145e-17
2011	6	26	22.8369159698486	23.1539993286133	22.6259994506836	92.3006057739258	0.0300000011920929
2011	6	27	23.5416660308838	26.0650005340576	21.9570007324219	81.5055923461914	1.11022302462516e-16
2011	6	28	23.1700000762939	24.9109992980957	21.0839996337891	81.2332153320312	3.43230018615723
2011	6	29	22.4392910003662	23.496000289917	20.201000213623	76.7113876342773	2.09599990844727
2011	6	30	21.8400840759277	22.7220001220703	20.6310005187988	77.915771484375	0
2011	7	1	22.1333751678467	22.9290008544922	20.5470008850098	84.4184951782227	0.0400000005960465
2011	7	2	22.517541885376	23.0879993438721	20.9549999237061	86.7720413208008	0.0330000013113022
2011	7	3	22.8702492795741	23.2654317322584	21.5741033849339	88.4403672656889	0
2011	7	4	23.2206146274054	23.5381703750276	22.1946946641415	90.7215932279487	0
2011	7	5	23.5567080162827	23.8745270835629	22.7917944979952	93.3396181864185	-6.7762635780344e-21
2011	7	6	23.8665995336189	24.2428136692476	23.3404236231616	96.0183411199363	0
2011	7	7	24.138359266827	24.611341943465	23.8156027763071	98.4816610073404	-4.2351647362715e-22
2011	7	8	24.3600573033198	24.9484237175983	24.192352694098	100.453476827469	0
2011	7	9	24.5197637305102	25.2223708030308	24.4456941132008	101.65768755916	-3.3881317890172e-21
2011	7	10	24.605548635811	25.4014950111458	24.550647770282	101.818192181252	0
2011	7	11	24.6054821066352	25.4541081533265	24.482234402008	100.658889672583	0
2011	7	12	24.5076342303957	25.3485220409562	24.2154747450451	97.9036790119906	0
2011	7	13	24.3000750945053	25.0530484854182	23.7253895360599	93.2764591783139	4.33680868994202e-19
2011	7	14	23.970874786377	24.5359992980957	22.9869995117188	86.5011291503906	0.0209999993443489
2011	7	15	23.4734992980957	23.9069995880127	22.1009998321533	79.8621978759766	2.60208521396521e-18
2011	7	16	22.923999786377	23.6909999847412	21.201000213623	81.6923904418945	0
2011	7	17	23.0047092437744	23.6949996948242	20.3309993743896	84.0978393554688	0.0189999997615813
2011	7	18	22.6274585723877	23.181999206543	22.0209999084473	77.6839599609375	0
2011	7	19	21.6932926177979	23.0690002441406	19.3729991912842	79.8334503173828	9.51800003051758
2011	7	20	21.2100830078125	22.6639995574951	16.4729995727539	76.7126846313477	8.53000030517578
2011	7	21	21.4944591522217	22.2679996490479	17.9890003204346	84.6230316162109	0
2011	7	22	21.5362911224365	22.1490001678467	19.4529991149902	87.1578521728516	0
2011	7	23	21.2427921295166	21.8309993743896	19.3519992828369	85.454231262207	0.0400000005960468
2011	7	24	21.7817916870117	23.7800006866455	19.2180004119873	73.1620025634766	1.63400001525879
2011	7	25	20.4619159698486	21.625	18.6709995269775	77.3378143310547	1.11022302462516e-16
2011	7	26	20.4036254882812	21.4710006713867	18.1280002593994	81.5660934448242	0
2011	7	27	20.8564167022705	21.5219993591309	19.6270008087158	82.7068481445312	0.354999995231628
2011	7	28	20.7852077484131	22.1049995422363	18.0729999542236	82.3193054199219	0
2011	7	29	21.5045413970947	22.1060009002686	20.2810001373291	84.3578948974609	0
2011	7	30	21.0081253051758	21.3209991455078	20.3120002746582	86.5634231567383	0
2011	7	31	21.4894580841064	22.4529991149902	19.738000869751	84.9265975952148	-1.73472347597681e-18
2011	8	1	21.9316253662109	22.5289993286133	20.8759994506836	85.7358627319336	0
2011	8	2	22.1605415344238	22.9360008239746	21.0069999694824	83.2314147949219	3.25260651745651e-19
2011	8	3	22.1519165039062	22.4790000915527	21.1560001373291	80.1251602172852	0
2011	8	4	22.4546241760254	23.1459999084473	21.6940002441406	84.3537368774414	-3.46944695195361e-18
2011	8	5	22.6904163360596	23.1439990997314	22.2199993133545	90.0275726318359	0
2011	8	6	23.2609157562256	23.818000793457	22.1909999847412	89.3421630859375	5.55111512312578e-17
2011	8	7	23.2338333129883	23.6200008392334	22.3490009307861	86.4075469970703	1.00880002975464
2011	8	8	22.9534168243408	24.9850006103516	21.3129997253418	71.9320983886719	3.33066907387547e-16
2011	8	9	22.0590000152588	23.2630004882812	19.0480003356934	76.5744018554688	0
2011	8	10	21.9713325500488	22.9899997711182	20.4009990692139	76.2325668334961	0
2011	8	11	21.6854591369629	22.1200008392334	20.7350006103516	80.8120956420898	0
2011	8	12	22.1145839691162	22.9349994659424	20.4050006866455	81.7364196777344	0
2011	8	13	22.7049579620361	23.0909996032715	22.2000007629395	89.1353149414062	0
2011	8	14	22.9672051134912	23.7040851640917	21.2974107030714	88.9143648405328	0
2011	8	15	23.5223751068115	25.0659999847412	20.5809993743896	82.4837036132812	0
2011	8	16	24.5631675720215	26.2560005187988	22.7479991912842	77.2921447753906	-2.03287907341032e-20
2011	8	17	24.4646244049072	25.4150009155273	22.7779998779297	77.8061904907227	0
2011	8	18	24.1422920227051	24.9570007324219	23.693000793457	81.8638229370117	2.16840434497101e-19
2011	8	19	24.2714996337891	25.1149997711182	22.6690006256104	83.7527389526367	0
2011	8	20	25.71875	27.8950004577637	23.6860008239746	77.2525329589844	0
2011	8	21	26.4699172973633	28.7290000915527	23.9610004425049	67.1376495361328	0
2011	8	22	25.548957824707	25.9529991149902	25.0750007629395	71.075080871582	0
2011	8	23	25.1396255493164	25.3199996948242	24.6189994812012	74.5592956542969	0
2011	8	24	25.1300411224365	25.6359996795654	23.6539993286133	72.4851989746094	8.88178419700125e-16
2011	8	25	25.4045829772949	26.0960006713867	23.9200000762939	75.2781372070312	0
2011	8	26	24.6738758087158	26.1469993591309	22.2290000915527	73.3129119873047	62.625
2011	8	27	23.6064586639404	25.7310009002686	19.1049995422363	73.6751861572266	0
2011	8	28	22.7942504882812	23.867000579834	20.318000793457	78.8727722167969	-7.105427357601e-15
2011	8	29	22.4811668395996	23.2469997406006	19.8409996032715	83.963981628418	0
2011	8	30	22.6348743438721	23.5890007019043	21.0900001525879	84.8040924072266	4.44089209850063e-16
2011	8	31	22.8061676025391	23.8090000152588	21.1650009155273	84.6130142211914	0
2011	9	1	23.7591667175293	24.4650001525879	22.1609992980957	81.0844955444336	0
2011	9	2	24.4525413513184	25.4109992980957	22.8659992218018	80.6039581298828	0
2011	9	3	23.4139575958252	24.2789993286133	22.1730003356934	90.2004165649414	10.0300003051758
2011	9	4	22.8785419464111	23.4659996032715	20.2910003662109	84.5519332885742	3.66800003051758
2011	9	5	22.5456256866455	23.2609996795654	20.9549999237061	84.6266784667969	0
2011	9	6	22.2779159545898	22.6580009460449	21.2740001678467	86.0967788696289	0
2011	9	7	22.1875839233398	22.9580001831055	19.5279998779297	83.9253921508789	0
2011	9	8	22.4679584503174	23.5179996490479	20.7910003662109	83.8491287231445	0
2011	9	9	22.4492492675781	22.9220008850098	21.6499996185303	85.1599807739258	0
2011	9	10	22.2986660003662	22.6749992370605	21.193000793457	86.9868240356445	0
2011	9	11	22.6180000305176	23.1180000305176	21.6089992523193	88.5019683837891	0
2011	9	12	23.3856658935547	25.1189994812012	20.3250007629395	78.3349075317383	0
2011	9	13	23.2357921600342	23.798999786377	22.0300006866455	80.9491577148438	1.35525271560688e-20
2011	9	14	23.1092090606689	23.6979999542236	21.4610004425049	77.7364273071289	0
2011	9	15	22.955207824707	23.4479999542236	20.636999130249	77.6517028808594	8.470329472543e-22
2011	9	16	22.095622642484	22.472336104432	20.5126271587297	78.0890585360178	0
2011	9	17	20.8708846206662	21.3919537271596	20.5304139197757	76.9461211154372	0
2011	9	18	19.9068293190328	20.9213443794958	20.0074934233875	73.8911087023235	0
2011	9	19	19.8292922973633	21.7749996185303	18.2609996795654	68.5922393798828	0
2011	9	20	20.6867923736572	23.3640003204346	15.7620000839233	64.9878463745117	0
2011	9	21	20.9976673126221	22.3320007324219	16.0610008239746	74.1826629638672	0
2011	9	22	21.3686676025391	22.2849998474121	17.6620006561279	78.8270034790039	0
2011	9	23	21.5841255187988	23.0550003051758	18.17799949646	78.6372909545898	-5.29395592033938e-23
2011	9	24	21.6786251068115	22.92799949646	18.6580009460449	78.1358642578125	0
2011	9	25	21.634916305542	22.6200008392334	19.6550006866455	80.3008041381836	8.470329472543e-22
2011	9	26	21.9634990692139	23.8619995117188	18.5330009460449	75.3035583496094	0
2011	9	27	22.7627925872803	24.8880004882812	19.1700000762939	66.3654022216797	6.7762635780344e-21
2011	9	28	22.5481662750244	24.5149993896484	18.9689998626709	69.1778411865234	0
2011	9	29	21.9099998474121	23.4750003814697	18.1350002288818	73.4406661987305	-1.0842021724855e-19
2011	9	30	21.9073333740234	23.8449993133545	17.9080009460449	68.2433853149414	0
2011	10	1	21.5680408477783	23.6550006866455	17.8579998016357	73.720085144043	1.73472347597681e-18
2011	10	2	21.574499130249	22.8649997711182	18.3419990539551	75.5699996948242	0
2011	10	3	21.9087085723877	23.1550006866455	18.0790004730225	70.8827285766602	0
2011	10	4	21.0630416870117	21.6870002746582	18.5370006561279	78.3098373413086	0
2011	10	5	21.154125213623	22.3509998321533	18.3010005950928	74.7352981567383	2.22044604925031e-16
2011	10	6	20.8668746948242	21.5610008239746	19.0429992675781	80.5975494384766	0
2011	10	7	20.4720420837402	21.9190006256104	17.443000793457	64.0205307006836	26.4880004882813
2011	10	8	18.3942909240723	20.1849994659424	13.996000289917	59.6049690246582	0
2011	10	9	17.3373756408691	19.32200050354	13.1490001678467	59.9527282714844	-3.5527136788005e-15
2011	10	10	17.5556659698486	19.6529998779297	10.91100025177	73.6717987060547	0
2011	10	11	19.3979587554932	20.7999992370605	16.0459995269775	80.1419219970703	-2.22044604925031e-16
2011	10	12	19.314208984375	19.9629993438721	16.3159999847412	87.3232727050781	0
2011	10	13	19.6752910614014	21.9340000152588	17.5690002441406	74.6986923217773	0
2011	10	14	17.7794990539551	19.1200008392334	15.8950004577637	66.0325546264648	0
2011	10	15	16.1076240539551	18.0340003967285	12.6470003128052	65.1408004760742	-3.46944695195361e-18
2011	10	16	15.9084587097168	18.0779991149902	8.98400020599365	70.8894729614258	0
2011	10	17	15.7945003509521	17.2870006561279	10.3549995422363	77.7731781005859	-5.55111512312578e-17
2011	10	18	16.2642078399658	17.8040008544922	12.5710000991821	78.7461013793945	0
2011	10	19	18.0553741455078	19.6310005187988	14.3889999389648	82.5439605712891	0.755999994277955
2011	10	20	16.2188339233398	18.8889999389648	14.1789999008179	77.7849044799805	21.0516006469727
2011	10	21	14.4624586105347	16.9300003051758	11.2749996185303	69.0163879394531	3.5527136788005e-15
2011	10	22	14.1061248779297	16.4750003814697	8.82199954986572	73.8721923828125	0
2011	10	23	13.7245836257935	15.7340002059937	7.60300016403198	78.2270355224609	-4.44089209850063e-16
2011	10	24	15.0456666946411	17.1060009002686	8.95600032806396	81.4030456542969	4.42099990844727
2011	10	25	17.3572082519531	18.7830009460449	12.8540000915527	90.2640533447266	68.2315979003906
2011	10	26	17.2318325042725	18.05299949646	15.3649997711182	83.4226303100586	0.306200003623962
2011	10	27	16.1434574127197	17.3819999694824	11.9630002975464	76.6790466308594	5.6621374255883e-15
2011	10	28	16.4268341064453	18.1919994354248	12.1669998168945	79.4727935791016	0
2011	10	29	16.4854164123535	17.8400001525879	12.0920000076294	79.6207504272461	0
2011	10	30	15.8917503356934	17.1520004272461	11.6929998397827	77.8770446777344	0
2011	10	31	16.041166305542	17.1539993286133	11.9820003509521	79.9580078125	0
