"anno"	"mese"	"giorno"	"tmed"	"tmax"	"tmin"	"urel"	"prec"
2012	3	1	11.4650001525879	15.0690040588379	8.66699600219727	68.9995803833008	0
2012	3	2	9.82678699493408	12.560001373291	7.20999526977539	77.2758331298828	0
2012	3	3	8.67866611480713	11.1990089416504	6.15900039672852	83.8579177856445	0
2012	3	4	8.59571075439453	10.5719947814941	6.68600845336914	87.026252746582	0
2012	3	5	8.60154247283936	10.6999855041504	7.28699111938477	79.057502746582	3.69030013020833
2012	3	6	7.28062582015991	8.87799453735352	6.03500747680664	65.6908340454102	33.8810989583333
2012	3	7	7.23199987411499	9.34601211547852	5.12298965454102	55.3800010681152	8.96939973958333
2012	3	8	8.14137744903564	11.3339881896973	4.55499649047852	54.0974998474121	0
2012	3	9	8.48304080963135	10.5149879455566	7.23001480102539	47.3970832824707	0
2012	3	10	8.04333209991455	10.5969886779785	5.01099014282227	47.4300003051758	0
2012	3	11	9.00704097747803	12.6770057678223	4.72900772094727	51.0179176330566	0
2012	3	12	9.86483478546143	12.1709938049316	6.83200454711914	59.4016647338867	0
2012	3	13	10.5312080383301	13.0199928283691	7.74399185180664	56.9225006103516	0
2012	3	14	10.2267065048218	12.6669960021973	6.81900405883789	61.9920845031738	0
2012	3	15	10.3668775558472	12.9809913635254	7.56500625610352	73.158332824707	0
2012	3	16	9.17883586883545	11.3330116271973	7.14200210571289	83.9070816040039	0
2012	3	17	9.89100170135498	12.9710121154785	6.89300918579102	75.2675018310547	0
2012	3	18	9.95641708374023	11.8070106506348	8.44198989868164	93.0012512207031	5.25023990885417
2012	3	19	9.01350021362305	10.8680152893066	6.38800430297852	83.6345825195312	16.6247994791667
2012	3	20	11.1990423202515	14.5740089416504	6.16699600219727	57.1783332824707	4.83449967447917
2012	3	21	13.8021669387817	16.0350074768066	11.8959999084473	59.4741668701172	0
2012	3	22	13.236668586731	15.9310035705566	10.0010108947754	54.9179153442383	0
2012	3	23	11.9833345413208	14.4570045471191	9.60901260375977	57.8941650390625	0
2012	3	24	12.7177495956421	15.5000038146973	10.2290077209473	62.1412506103516	1.14989998372396
2012	3	25	13.8360834121704	15.8339881896973	10.8710060119629	58.5745849609375	6.13951497395833
2012	3	26	14.5105018615723	16.6239967346191	12.1879920959473	54.6320838928223	3.02130013020833
2012	3	27	13.7965822219849	16.268985748291	10.8190040588379	46.7099990844727	0
2012	3	28	14.1501235961914	16.8559913635254	11.2219886779785	47.3424987792969	0
2012	3	29	12.5097503662109	15.0759925842285	9.87601089477539	64.1800003051758	0
2012	3	30	12.3044576644897	14.5860023498535	9.62201309204102	74.7020874023438	0
2012	3	31	11.6138763427734	13.8569984436035	8.86200332641602	76.2708358764648	0
2012	4	1	11.2514581680298	14.6180152893066	7.97101211547852	53.935001373291	0
2012	4	2	11.8238363265991	14.2749977111816	7.94000625610352	66.4370803833008	0
2012	4	3	11.7733316421509	13.4939918518066	9.96298599243164	84.4658355712891	11.3826002604167
2012	4	4	12.7347478866577	14.7770118713379	9.53400039672852	75.4100036621094	4.37565006510417
2012	4	5	12.0847473144531	13.6250038146973	9.49399185180664	87.2216644287109	9.234
2012	4	6	10.867169380188	12.9190101623535	8.57498550415039	91.6379165649414	6.94110026041667
2012	4	7	10.8624153137207	11.9719886779785	9.91998672485352	89.7533340454102	35.2479010416667
2012	4	8	9.37691402435303	12.570011138916	4.63800430297852	68.6887512207031	52.1844010416667
2012	4	9	6.51150274276733	8.82199478149414	2.99701285362244	62.6833343505859	12.177
2012	4	10	9.58454132080078	11.997989654541	5.69598770141602	74.6358337402344	1.01610001627604
2012	4	11	10.2994995117188	11.4499855041504	8.11398696899414	84.2841644287109	65.1778489583333
2012	4	12	10.1126670837402	12.2559852600098	6.41000747680664	78.1091690063477	0
2012	4	13	11.9845399856567	13.945987701416	10.1869850158691	65.8408355712891	0.731700032552083
2012	4	14	10.369668006897	11.0879859924316	9.22598648071289	77.9166641235352	9.188099609375
2012	4	15	10.1893358230591	12.6650123596191	8.32400894165039	75.4995803833008	10.1286002604167
2012	4	16	10.4621267318726	11.7519874572754	8.11600112915039	74.8412475585938	8.42055013020833
2012	4	17	10.4597501754761	11.9220008850098	8.12601089477539	69.8274993896484	5.85225
2012	4	18	9.67620754241943	11.0570106506348	7.02399063110352	84.5275039672852	13.7224505208333
2012	4	19	10.249415397644	11.8550148010254	9.35998916625977	86.3704147338867	70.7356510416667
2012	4	20	9.63441562652588	11.3680152893066	8.04901504516602	84.5083312988281	53.83425
2012	4	21	10.3400411605835	12.0549964904785	7.39099502563477	83.1675033569336	12.17025
2012	4	22	10.7284164428711	12.3060035705566	8.89801406860352	86.557502746582	15.4071002604167
2012	4	23	10.4678316116333	11.872989654541	8.26401138305664	86.9966659545898	16.377
2012	4	24	10.1949605941772	11.2919960021973	7.88199234008789	85.6108322143555	44.5136875
2012	4	25	11.0528326034546	12.7739906311035	8.51099014282227	75.7866668701172	24.7755
2012	4	26	12.8641242980957	15.3800086975098	8.81601333618164	72.3220825195312	0
2012	4	27	16.1216239929199	19.1340065002441	12.9729957580566	65.5454177856445	0
2012	4	28	18.0839176177979	21.0109901428223	14.8779945373535	62.3533325195312	0
2012	4	29	15.2594995498657	17.5939979553223	12.4949989318848	69.7087478637695	1.14675
2012	4	30	14.8368730545044	17.8379859924316	11.8249855041504	78.3525009155273	2.58015006510417
2012	5	1	13.4890432357788	16.6170082092285	10.6160011291504	84.5033340454102	8.79030013020833
2012	5	2	11.3878374099731	13.2619972229004	9.20401382446289	85.3983306884766	5.32634993489583
2012	5	3	11.212833404541	13.3400001525879	8.75400161743164	85.90625	0.516090006510417
2012	5	4	11.5320863723755	13.6069984436035	8.75900650024414	83.2920837402344	0.571050008138021
2012	5	5	12.4200391769409	14.5960121154785	9.33798599243164	79.7425003051758	0
2012	5	6	13.0352907180786	15.2349891662598	10.4050025939941	88.2641677856445	20.6076002604167
2012	5	7	13.3827085494995	15.247989654541	10.8739967346191	83.8941650390625	11.3247005208333
2012	5	8	13.1352920532227	14.8349952697754	10.9650001525879	83.334587097168	0.533700032552083
2012	5	9	14.0507497787476	15.6480140686035	11.0050086975098	80.4100036621094	0
2012	5	10	17.2922878265381	19.8460121154785	13.0749855041504	73.4166641235352	0
2012	5	11	19.726167678833	22.4809913635254	16.101993560791	61.5137519836426	0
2012	5	12	18.5537490844727	20.5199928283691	16.2619972229004	74.0766677856445	0
2012	5	13	13.8332901000977	17.3699989318848	9.60599136352539	68.0591659545898	2.15054996744792
2012	5	14	12.4584617614746	15.7170143127441	8.17200088500977	51.9724998474121	0
2012	5	15	12.5524168014526	14.7210121154785	9.72198867797852	71.7149963378906	0
2012	5	16	13.5249214172363	16.0969886779785	10.9110145568848	37.716667175293	3.3317998046875
2012	5	17	13.0462942123413	15.0740089416504	10.8949928283691	45.1300010681152	1.10339990234375
2012	5	18	14.387167930603	16.9060096740723	10.372013092041	47.5058326721191	0
2012	5	19	15.763876914978	19.0769996643066	12.0050086975098	57.0120849609375	0
2012	5	20	14.4457082748413	18.039005279541	12.5279884338379	72.1808319091797	39.6447005208333
2012	5	21	12.4840002059937	13.7019996643066	10.1879920959473	92.4524993896484	1.91024332682292
2012	5	22	13.3267936706543	15.5990028381348	10.9930152893066	81.6258316040039	0
2012	5	23	16.3079605102539	18.8530006408691	12.1619911193848	78.5012512207031	0
2012	5	24	20.4336643218994	22.5350074768066	16.4759864807129	60.6141662597656	0
2012	5	25	18.9896221160889	21.7720069885254	16.5440101623535	63.2374992370605	0
2012	5	26	17.6254577636719	19.7300148010254	15.2609901428223	58.0229187011719	0
2012	5	27	16.8197078704834	18.8179969787598	14.3119850158691	53.4579162597656	0
2012	5	28	15.9024991989136	18.0159950256348	13.1420021057129	74.502082824707	0
2012	5	29	15.4690399169922	17.289005279541	13.4199867248535	80.9875030517578	0
2012	5	30	16.2837047576904	18.3999977111816	13.487003326416	80.1283340454102	0
2012	5	31	16.7857074737549	19.1659889221191	13.6839942932129	78.9358367919922	0
2012	6	1	16.8580379486084	19.0570106506348	14.1279945373535	81.0883331298828	0
2012	6	2	17.4479999542236	19.4800148010254	14.7229957580566	80.7779159545898	0
2012	6	3	17.7259559631348	20.0639991760254	15.1239967346191	82.6404190063477	0
2012	6	4	16.6569595336914	18.1990089416504	15.5000038146973	90.0083312988281	0
2012	6	5	17.5633754730225	19.6770057678223	15.0430030822754	69.0991668701172	0
2012	6	6	16.9247493743896	18.9209938049316	14.3349952697754	74.9075012207031	0
2012	6	7	17.7239570617676	20.0570106506348	14.5340003967285	75.7037506103516	0
2012	6	8	19.7125015258789	22.9429969787598	16.6900062561035	69.9320831298828	0
2012	6	9	18.5443744659424	21.049991607666	14.8699989318848	87.2458343505859	0
2012	6	10	17.2240428924561	18.2569923400879	15.2860145568848	86.9770812988281	0
2012	6	11	16.9276676177979	18.0260047912598	15.0459938049316	90.4862518310547	0
2012	6	12	16.2882118225098	17.3290138244629	14.5100135803223	86.2987518310547	0
2012	6	13	15.8394594192505	17.2349891662598	13.6420021057129	83.9845809936523	0
2012	6	14	16.4497509002686	19.0170021057129	13.174991607666	69.6699981689453	0
2012	6	15	18.3218784332275	21.2770118713379	14.0199928283691	55.7254180908203	0
2012	6	16	20.6317882537842	23.7739906311035	16.4570045471191	50.6083335876465	0
2012	6	17	21.5917091369629	24.3360023498535	17.9050025939941	54.0320816040039	0
2012	6	18	22.9866256713867	25.7449989318848	19.3779945373535	57.9637489318848	0
2012	6	19	23.2363338470459	26.2139930725098	20.0220069885254	62.1358337402344	0
2012	6	20	22.5788764953613	25.549991607666	19.3370094299316	57.8624992370605	0
2012	6	21	20.0235843658447	21.997013092041	17.1869850158691	75.3695831298828	0
2012	6	22	19.9924983978271	21.8169898986816	16.9819984436035	88.7283325195312	0
2012	6	23	20.6565418243408	22.4570045471191	18.0799903869629	81.8249969482422	0
2012	6	24	21.0352516174316	22.9939918518066	19.0769996643066	80.9237518310547	0
2012	6	25	21.7750015258789	24.0639991760254	18.7110023498535	72.6529159545898	0
2012	6	26	23.3142871856689	25.3609962463379	20.8609962463379	67.1637496948242	0
2012	6	27	23.9825859069824	26.9029884338379	20.5379981994629	59.653751373291	0
2012	6	28	22.479040145874	24.8139991760254	19.6279945373535	72.4420852661133	0
2012	6	29	22.5052070617676	25.195011138916	19.3379859924316	70.8179168701172	0
2012	6	30	23.4303340911865	26.0769996643066	19.8429908752441	64.3633346557617	0
2012	7	1	24.445291519165	28.0839881896973	21.0239906311035	60.2591667175293	0
2012	7	2	22.7067928314209	26.2489967346191	19.278995513916	73.8304138183594	0
2012	7	3	19.8612098693848	21.6810035705566	17.4050025939941	86.0779190063477	0
2012	7	4	20.2961254119873	22.7099952697754	17.1350135803223	80.2320861816406	0
2012	7	5	21.4099178314209	23.987003326416	17.9819984436035	72.5854187011719	0
2012	7	6	21.4477062225342	24.0619850158691	18.4429969787598	75.8566665649414	0
2012	7	7	20.7371234893799	23.0879859924316	17.8500099182129	73.1050033569336	0
2012	7	8	21.953706741333	25.0409889221191	18.0820045471191	69.8379135131836	0
2012	7	9	21.4919185638428	23.9469947814941	18.5650062561035	74.1870880126953	0
2012	7	10	21.1700801849365	23.7649879455566	18.1759986877441	77.0854187011719	0
2012	7	11	20.8802909851074	23.1059913635254	18.0619850158691	83.6062469482422	0
2012	7	12	21.2344169616699	23.9169960021973	18.2970008850098	82.5924987792969	0
2012	7	13	20.575626373291	22.612003326416	18.2240028381348	82.459587097168	0
2012	7	14	21.0554981231689	23.4960060119629	19.2389869689941	88.2308349609375	0
2012	7	15	20.8475399017334	23.1990089416504	18.8689918518066	76.1641693115234	0
2012	7	16	21.5157871246338	23.7430152893066	18.6659889221191	55.403751373291	0
2012	7	17	21.6024608612061	24.0749855041504	17.5509986877441	55.8400001525879	0
2012	7	18	22.77783203125	25.8800086975098	19.310001373291	56.0487518310547	0
2012	7	19	21.3910388946533	24.0579872131348	18.2460060119629	63.1787490844727	0
2012	7	20	21.3364162445068	24.8909950256348	17.8660011291504	65.3133316040039	0
2012	7	21	20.9270401000977	22.8119850158691	18.1409950256348	78.8116683959961	0
2012	7	22	21.3739166259766	24.1170082092285	19.0650062561035	53.0191650390625	0
2012	7	23	20.9975051879883	22.716007232666	18.1380043029785	56.8500022888184	0
2012	7	24	23.7700424194336	26.028995513916	22.0749855041504	61.9141654968262	0
2012	7	25	21.9284992218018	23.987003326416	18.8269996643066	72.4037475585938	0
2012	7	26	21.5611686706543	23.664005279541	18.4880104064941	80.0608367919922	0
2012	7	27	22.8655815124512	25.6210060119629	19.7600135803223	70.6570816040039	0
2012	7	28	23.1761684417725	26.8020057678223	19.0830116271973	63.6737518310547	0
2012	7	29	20.6512470245361	22.8119850158691	18.2259864807129	83.2579193115234	0
2012	7	30	21.8287487030029	23.862003326416	19.5279884338379	79.8479156494141	0
2012	7	31	23.0573329925537	25.4209938049316	19.768985748291	71.7162475585938	0
2012	8	1	24.1467876434326	26.8550148010254	21.3339881896973	59.9212493896484	0
2012	8	2	22.8675403594971	25.7189979553223	19.6069984436035	61.5400009155273	0
2012	8	3	21.91579246521	24.6369972229004	18.810001373291	61.2329177856445	0
2012	8	4	22.6344165802002	25.7630043029785	18.7460060119629	65.1737518310547	0
2012	8	5	22.8670425415039	25.8599891662598	19.7290077209473	74.3483352661133	0
2012	8	6	22.6380443572998	26.7349891662598	19.1659889221191	85.1570816040039	0
2012	8	7	21.7669124603271	23.9119911193848	18.8739967346191	76.2704162597656	0
2012	8	8	23.2509174346924	25.685001373291	20.0220069885254	66.3112487792969	0
2012	8	9	24.5818328857422	27.2179908752441	22.070987701416	59.6533355712891	0
2012	8	10	23.8620014190674	25.9410133361816	20.924015045166	59.7975006103516	0
2012	8	11	22.6515846252441	24.9540138244629	19.4310035705566	55.9012489318848	0
2012	8	12	22.236665725708	24.7030067443848	19.622989654541	62.4599990844727	0
2012	8	13	22.7003307342529	25.5879859924316	18.8119850158691	68.9408340454102	0
2012	8	14	22.5715427398682	24.8190040588379	20.0929908752441	72.6074981689453	0
2012	8	15	22.211462020874	24.7600135803223	19.9289894104004	71.1208343505859	0
2012	8	16	21.6077117919922	23.5509986877441	19.1050148010254	77.1637496948242	0
2012	8	17	24.2889995574951	27.028995513916	20.7699928283691	68.2770843505859	0
2012	8	18	25.7587070465088	28.3479957580566	22.6619911193848	57.1645851135254	0
2012	8	19	26.226001739502	29.1690101623535	22.9589881896973	54.3629150390625	0
2012	8	20	26.1739559173584	29.2519874572754	22.8320045471191	55.6729164123535	0
2012	8	21	24.6733341217041	27.0839881896973	22.2120094299316	73.3241653442383	0
2012	8	22	24.2031650543213	26.9519996643066	21.5270118713379	70.0708312988281	0
2012	8	23	24.0200424194336	26.8429908752441	20.8710060119629	63.0295829772949	0
2012	8	24	23.7578735351562	26.9339942932129	21.0209999084473	70.3645858764648	0
2012	8	25	23.216833114624	26.2720069885254	20.4780006408691	84.3312530517578	0
2012	8	26	22.8180408477783	27.1569862365723	19.3970069885254	68.3966674804688	0
2012	8	27	21.9215450286865	24.9310035705566	18.7720069885254	52.4566650390625	0
2012	8	28	22.2518749237061	25.3160133361816	19.3079872131348	51.1412506103516	0
2012	8	29	22.2820835113525	24.9840126037598	19.2019996643066	61.8074989318848	0
2012	8	30	22.0526638031006	25.0170021057129	19.549991607666	72.8512496948242	0
2012	8	31	19.2670421600342	22.1449928283691	14.9800148010254	77.4075012207031	0
2012	9	1	17.6061687469482	20.049015045166	13.6080055236816	72.0400009155273	0
2012	9	2	20.4654598236084	23.3349952697754	17.4010047912598	59.7070846557617	0
2012	9	3	21.0963325500488	22.695987701416	19.7280006408691	71.3579177856445	0
2012	9	4	22.7144184112549	24.903995513916	20.1799964904785	62.0666656494141	0
2012	9	5	22.0675449371338	23.5900001525879	20.0279884338379	67.9179153442383	0
2012	9	6	22.2447090148926	25.289005279541	18.9220008850098	64.4187469482422	0
2012	9	7	22.1800022125244	24.4310035705566	19.7540016174316	63.2012481689453	0
2012	9	8	21.5679168701172	24.5119972229004	18.8660011291504	57.0345840454102	0
2012	9	9	21.1592922210693	23.9299964904785	18.3060035705566	53.8370819091797	0
2012	9	10	19.8572940826416	21.7919960021973	17.8970069885254	79.2087478637695	0
2012	9	11	19.2227935791016	21.414005279541	17.2030067443848	79.283332824707	0
2012	9	12	18.2097930908203	19.4270057678223	16.3859901428223	85.091667175293	0
2012	9	13	16.0639190673828	18.2699928283691	13.4530067443848	52.2354164123535	0
2012	9	14	16.8337535858154	20.4930152893066	13.018009185791	53.752498626709	0
2012	9	15	18.7284183502197	21.049015045166	15.1090126037598	64.5195846557617	0
2012	9	16	18.9615421295166	21.1610145568848	16.3119850158691	63.6579170227051	0
2012	9	17	18.1205806732178	20.2609901428223	15.393985748291	69.1354141235352	0
2012	9	18	17.981164932251	20.4369850158691	15.737003326416	76.3208312988281	0
2012	9	19	17.7070407867432	19.768985748291	15.716007232666	80.7354125976562	0
2012	9	20	16.3833770751953	19.3370094299316	13.4180030822754	55.8666687011719	0
2012	9	21	16.5403728485107	20.0799903869629	13.164005279541	48.1700019836426	0
2012	9	22	17.988748550415	21.0430030822754	14.2529945373535	82.25	0
2012	9	23	20.2233333587646	23.4599952697754	18.6969947814941	85.2912521362305	0
2012	9	24	18.927038192749	21.1269874572754	17.3429908752441	94.4433364868164	0
2012	9	25	18.355749130249	20.3230018615723	16.5019874572754	81.8008346557617	0
2012	9	26	19.3168754577637	21.0690040588379	16.9710121154785	92.3779144287109	0
2012	9	27	17.7302494049072	19.1459999084473	15.5279884338379	78.2604141235352	0
2012	9	28	20.1016654968262	23.1990089416504	14.9809913635254	71.7683334350586	0
2012	9	29	22.1602935791016	25.153995513916	19.4490089416504	66.2437515258789	0
2012	9	30	19.2951259613037	21.7240028381348	16.6820106506348	85.095832824707	0
2012	10	1	17.2661685943604	19.7070045471191	15.6969947814941	76.4345855712891	0
2012	10	2	16.4506645202637	18.507999420166	14.7609901428223	82.2041702270508	0
2012	10	3	16.0378341674805	18.4209938049316	14.1569862365723	85.3899993896484	0
2012	10	4	16.1175003051758	18.3020057678223	14.3649940490723	86.1858367919922	0
2012	10	5	16.5639190673828	19.2609901428223	14.3569984436035	78.9691696166992	0
2012	10	6	16.814416885376	19.4849891662598	14.2309913635254	75.442497253418	0
2012	10	7	17.1034965515137	18.9679908752441	15.8580055236816	83.9754180908203	0
2012	10	8	17.6709995269775	19.8809852600098	15.3009986877441	76.2154159545898	0
2012	10	9	17.3847484588623	19.7080116271973	14.8039894104004	81.1208343505859	0
2012	10	10	17.0055446624756	19.174015045166	14.7449989318848	76.6108322143555	0
2012	10	11	16.8619155883789	19.3379859924316	14.3850135803223	78.4595794677734	0
2012	10	12	16.6764583587646	18.7949867248535	15.3290138244629	81.4145812988281	0
2012	10	13	16.1945819854736	18.674991607666	13.9209938049316	73.5274963378906	0
2012	10	14	14.7072486877441	17.268009185791	12.372013092041	80.7487487792969	0
2012	10	15	14.318751335144	16.2600135803223	11.6000099182129	85.4654159545898	0
2012	10	16	13.1775007247925	15.7540016174316	10.4169960021973	70.0870819091797	0
2012	10	17	15.4132490158081	18.6030006408691	13.4549903869629	77.036247253418	0
2012	10	18	16.5887489318848	19.591007232666	14.560001373291	72.2354125976562	0
2012	10	19	18.1083717346191	21.2049903869629	16.0799903869629	54.2249984741211	0
2012	10	20	18.9834995269775	22.2970008850098	16.0230140686035	54.9104156494141	0
2012	10	21	18.9126682281494	22.1579933166504	16.8590126037598	58.2133331298828	0
