"anno"	"mese"	"giorno"	"tmed"	"tmax"	"tmin"	"urel"	"prec"
2012	3	1	12.1522932052612	17.1720008850098	8.27600479125977	68.9541702270508	0
2012	3	2	10.9405860900879	16.653995513916	6.72400283813477	72.0999984741211	0
2012	3	3	10.1496629714966	14.9289894104004	5.85998916625977	79.5408325195312	0
2012	3	4	10.1810445785522	14.4620094299316	6.28500747680664	86.6120834350586	0
2012	3	5	9.39354228973389	12.8439979553223	4.44699478149414	86.6333312988281	4.53359993489583
2012	3	6	8.92083072662354	11.8569984436035	7.00500869750977	81.2841644287109	15.4846497395833
2012	3	7	8.87508296966553	13.3859901428223	5.01001358032227	56.4183349609375	4.7447998046875
2012	3	8	9.16299915313721	14.8639869689941	2.82300162315369	44.2075004577637	0
2012	3	9	9.8125	12.9670143127441	7.90201187133789	52.1233329772949	0
2012	3	10	9.48516941070557	13.7340126037598	7.35998916625977	50.3499984741211	0
2012	3	11	9.74524688720703	14.1309852600098	6.92801284790039	50.8575019836426	0
2012	3	12	10.3417501449585	14.9610023498535	5.45801162719727	60.3983345031738	0
2012	3	13	11.0918350219727	16.2340126037598	6.79599380493164	60.6570816040039	0
2012	3	14	11.5431251525879	16.8379859924316	6.25299453735352	62.0829162597656	0
2012	3	15	11.4961271286011	17.0619850158691	7.07699966430664	71.6316680908203	0
2012	3	16	10.254584312439	15.7760047912598	6.05301284790039	75.1374969482422	0
2012	3	17	11.1891260147095	14.3970069885254	6.13098526000977	83.4008331298828	0
2012	3	18	12.656665802002	14.3509864807129	11.7779884338379	96.4550018310547	3.32930989583333
2012	3	19	11.8689575195312	15.716007232666	6.83398818969727	74.5849990844727	2.68634993489583
2012	3	20	12.0176267623901	15.8599891662598	7.01001358032227	73.8541717529297	0.516599975585938
2012	3	21	12.7876272201538	16.4620094299316	8.59698867797852	74.6158294677734	0
2012	3	22	12.3887090682983	16.1239967346191	8.03699111938477	66.5620803833008	0
2012	3	23	11.8365812301636	16.3989906311035	7.22800064086914	64.2437515258789	0
2012	3	24	13.2246675491333	17.945987701416	8.69598770141602	62.9362487792969	0
2012	3	25	14.3498344421387	19.7170143127441	8.13098526000977	60.5870819091797	2.1105
2012	3	26	15.7088766098022	20.1279945373535	12.3899879455566	51.6679153442383	1.33830004882812
2012	3	27	14.2478322982788	19.2550086975098	10.6699867248535	47.3600006103516	0
2012	3	28	15.0375814437866	20.7439918518066	10.8150062561035	49.3966674804688	0
2012	3	29	13.0522890090942	18.5449867248535	8.56500625610352	63.6816673278809	0
2012	3	30	12.338418006897	16.6459999084473	7.17300796508789	77.694580078125	0
2012	3	31	12.1031646728516	16.2770118713379	8.39899063110352	75.1720809936523	0
2012	4	1	12.2818307876587	17.2129859924316	7.94501113891602	67.4529190063477	0
2012	4	2	12.657039642334	16.0159950256348	8.75598526000977	83.7483367919922	0
2012	4	3	13.1347455978394	16.1499977111816	10.4719886779785	84.4049987792969	8.31674934895833
2012	4	4	13.1303329467773	16.5619850158691	9.11600112915039	83.0783309936523	2.7850498046875
2012	4	5	13.8284568786621	17.601993560791	10.5000038146973	87.8783340454102	4.82834993489583
2012	4	6	13.1344146728516	16.2219886779785	10.6629981994629	85.9691696166992	2.07239990234375
2012	4	7	12.9875020980835	15.997013092041	8.44501113891602	80.8562469482422	5.48535026041667
2012	4	8	10.4868726730347	13.5889930725098	6.45599746704102	67.1800003051758	4.758
2012	4	9	7.75195693969727	11.5000038146973	2.90799307823181	57.7170829772949	1.00259993489583
2012	4	10	11.1136236190796	13.8649940490723	4.66101455688477	72.9262466430664	0
2012	4	11	13.8256254196167	15.2800025939941	12.7210121154785	76.4620819091797	59.7129010416667
2012	4	12	12.6446647644043	15.4119911193848	9.58398818969727	76.4891662597656	0
2012	4	13	12.886456489563	15.4090003967285	10.4629859924316	68.9658355712891	0
2012	4	14	11.4616241455078	12.549015045166	9.98001480102539	83.2195816040039	19.6517994791667
2012	4	15	11.6150827407837	14.2210121154785	8.69400405883789	79.9308319091797	8.37989973958333
2012	4	16	11.9111700057983	15.7200050354004	8.20599746704102	75.4599990844727	14.2258502604167
2012	4	17	12.5166234970093	16.7099952697754	7.93600845336914	64.3775024414062	8.07750065104167
2012	4	18	10.9400014877319	14.9910011291504	6.35098648071289	75.9729156494141	0
2012	4	19	11.5125436782837	14.3030128479004	6.74301528930664	82.3183288574219	14.1715494791667
2012	4	20	12.188835144043	14.5870094299316	8.37399673461914	76.5379180908203	14.9693997395833
2012	4	21	12.9132080078125	15.9620094299316	9.69000625610352	76.4100036621094	1.47164990234375
2012	4	22	13.1207075119019	16.9050025939941	7.86600112915039	79.2354202270508	0.604049967447917
2012	4	23	12.1153726577759	15.4830055236816	7.36499404907227	73.9116668701172	0
2012	4	24	13.9048347473145	15.9270057678223	9.97000503540039	71.3300018310547	11.4163489583333
2012	4	25	13.3610811233521	15.726993560791	10.2519874572754	73.7766647338867	3.89040006510417
2012	4	26	14.1462488174438	16.9029884338379	11.3020057678223	78.290412902832	0
2012	4	27	15.4240407943726	19.1789894104004	11.4809913635254	71.463752746582	0
2012	4	28	16.1907062530518	20.4209938049316	12.3280067443848	75.7012481689453	0
2012	4	29	16.18137550354	18.8150062561035	13.6399879455566	76.3812484741211	0.528300008138021
2012	4	30	15.9890832901001	18.1980018615723	12.3230018615723	81.7091674804688	0.647550008138021
2012	5	1	15.0096654891968	18.2649879455566	12.4790077209473	83.5516662597656	1.56615006510417
2012	5	2	13.7213754653931	17.924991607666	8.83798599243164	71.3262481689453	0.516599975585938
2012	5	3	12.5924997329712	16.9530067443848	7.39999771118164	75.7695846557617	0
2012	5	4	13.0910005569458	17.6359901428223	7.44501113891602	71.9229202270508	0
2012	5	5	14.3472938537598	16.7380104064941	9.92401504516602	85.4925003051758	0
2012	5	6	15.6605405807495	17.2410011291504	13.7229957580566	89.7887496948242	22.2730494791667
2012	5	7	15.8055419921875	18.5379981994629	13.372013092041	80.7608337402344	25.98825
2012	5	8	15.1209983825684	19.0430030822754	10.2500038146973	74.4258346557617	2.34180013020833
2012	5	9	16.0745429992676	20.0870094299316	10.9480018615723	65.4499969482422	0
2012	5	10	18.3188762664795	23.2810096740723	11.6789894104004	69.382080078125	0
2012	5	11	21.2912063598633	26.8420143127441	14.8750038146973	56.8429183959961	0
2012	5	12	19.7014980316162	24.3460121154785	15.3689918518066	62.7312507629395	0
2012	5	13	16.6600399017334	21.1149940490723	12.799015045166	67.7920837402344	0
2012	5	14	14.1338310241699	18.0170021057129	9.40399551391602	51.9154167175293	0
2012	5	15	13.7983741760254	17.4949989318848	8.66998672485352	66.7066650390625	0
2012	5	16	14.6788301467896	17.8909950256348	10.9960060119629	57.4524993896484	0.613350016276042
2012	5	17	14.2100419998169	18.7019996643066	9.14398574829102	50.4650001525879	0
2012	5	18	14.3531255722046	18.268985748291	8.80701065063477	54.6608352661133	0
2012	5	19	15.3874940872192	19.1199989318848	10.4719886779785	72.966667175293	0
2012	5	20	16.8609981536865	19.4440040588379	14.5619850158691	71.5395812988281	10.0195501302083
2012	5	21	15.3373327255249	18.5209999084473	11.1550025939941	84.0091705322266	1.61866373697917
2012	5	22	15.0518760681152	18.539005279541	10.9480018615723	78.4604187011719	0
2012	5	23	16.5399990081787	20.2150001525879	11.0780067443848	78.8429183959961	0
2012	5	24	20.7982501983643	24.9830055236816	15.0319862365723	66.8479156494141	0
2012	5	25	20.9492931365967	25.7770118713379	17.0520057678223	59.0716667175293	0
2012	5	26	19.3985385894775	23.2179908752441	16.0040016174316	58.0837516784668	0
2012	5	27	18.3025016784668	22.0350074768066	14.2229957580566	51.8554153442383	0
2012	5	28	16.4430446624756	19.6090126037598	12.9100074768066	75.6970825195312	0
2012	5	29	16.2150402069092	19.7089881896973	11.8379859924316	81.7533340454102	0
2012	5	30	17.8839588165283	22.2779884338379	12.4379920959473	73.9375	0
2012	5	31	18.3098773956299	21.8850135803223	13.7200050354004	75.4170837402344	0
2012	6	1	17.8842945098877	20.6040077209473	13.9339942932129	88.6012496948242	0
2012	6	2	18.7944183349609	21.6529884338379	15.0830116271973	84.6737518310547	0
2012	6	3	19.3869171142578	21.7850074768066	15.7529945373535	83.1600036621094	0
2012	6	4	19.2519550323486	22.2389869689941	15.4079933166504	83.6350021362305	0
2012	6	5	19.2215824127197	23.3890113830566	14.3970069885254	72.2745819091797	0
2012	6	6	18.3635425567627	21.4339942932129	14.4859962463379	78.8649978637695	0
2012	6	7	19.2462959289551	21.6260108947754	15.195987701416	80.9608306884766	0
2012	6	8	21.2989177703857	24.3020057678223	17.6459999084473	70.8687515258789	0
2012	6	9	20.4688739776611	22.7720069885254	15.2590065002441	83.6875	0
2012	6	10	19.2869186401367	22.6449928283691	14.424991607666	78.3254165649414	0
2012	6	11	20.0686664581299	22.9490089416504	16.4379920959473	82.536247253418	0
2012	6	12	19.9923343658447	21.9809913635254	17.882999420166	72.0800018310547	0
2012	6	13	18.759126663208	21.6139869689941	13.9180030822754	68.3612518310547	0
2012	6	14	18.6065425872803	23.2819862365723	12.7760047912598	63.5174980163574	0
2012	6	15	19.9896259307861	24.2559852600098	13.6770057678223	59.1945838928223	0
2012	6	16	21.7825832366943	25.7840003967285	16.893985748291	62.1945838928223	0
2012	6	17	23.5520000457764	28.3030128479004	17.5329933166504	52.8050003051758	0
2012	6	18	22.8471660614014	26.5730018615723	18.778995513916	66.6841659545898	0
2012	6	19	22.7703762054443	27.4429969787598	18.5430030822754	74.2645874023438	0
2012	6	20	22.714376449585	26.2210121154785	17.8450050354004	63.8658332824707	0
2012	6	21	22.3551273345947	26.2399940490723	18.7399940490723	76.6462478637695	0
2012	6	22	22.8194561004639	27.3680152893066	18.1720008850098	72.1266632080078	0
2012	6	23	22.2532520294189	26.8479957580566	17.2609901428223	67.3895874023438	0
2012	6	24	22.4321670532227	26.4889869689941	17.4029884338379	70.5420837402344	0
2012	6	25	23.1257495880127	27.5929908752441	17.2800025939941	66.3812484741211	0
2012	6	26	25.1171646118164	29.4209938049316	19.2240028381348	63.1304168701172	0
2012	6	27	24.1195850372314	27.216007232666	20.3899879455566	72.8870849609375	0
2012	6	28	23.0117092132568	26.143009185791	19.1919898986816	81.4854125976562	0
2012	6	29	23.052583694458	26.3909950256348	19.1390113830566	79.2595825195312	0
2012	6	30	23.4097080230713	27.2510108947754	19.0010108947754	75.0950012207031	0
2012	7	1	23.9522094726562	28.560001373291	19.0249977111816	69.7908325195312	0
2012	7	2	23.5656242370605	26.6629981994629	19.0849952697754	74.9966659545898	0
2012	7	3	22.7341651916504	26.5889930725098	17.893985748291	71.7029190063477	0
2012	7	4	23.0469989776611	27.6489906311035	17.4259986877441	68.7895812988281	0
2012	7	5	23.0984592437744	27.7600135803223	17.7150001525879	70.5924987792969	0
2012	7	6	22.698709487915	25.8899879455566	18.5650062561035	81.6333312988281	0
2012	7	7	23.1679553985596	27.4889869689941	18.2319984436035	68.3683319091797	0
2012	7	8	23.378625869751	27.2590065002441	18.372013092041	73.2012481689453	0
2012	7	9	23.7584552764893	27.4689979553223	19.4610023498535	76.6900024414062	0
2012	7	10	24.5203723907471	29.7519874572754	18.664005279541	59.6104164123535	0
2012	7	11	23.6041240692139	27.3959999084473	18.747989654541	70.1224975585938	0
2012	7	12	23.1766681671143	27.2430152893066	18.3169898986816	70.6220855712891	0
2012	7	13	23.1465396881104	27.0409889221191	17.5260047912598	65.4937515258789	0
2012	7	14	24.0349578857422	27.1940040588379	18.8259925842285	77.2495803833008	0
2012	7	15	23.0086650848389	25.6799964904785	19.1940040588379	67.6095809936523	0
2012	7	16	23.8910808563232	28.5560035705566	18.1560096740723	54.5029144287109	0
2012	7	17	24.2950839996338	29.3009986877441	19.216007232666	47.3791656494141	0
2012	7	18	24.7691669464111	29.4719886779785	19.049015045166	51.4962501525879	0
2012	7	19	23.7530422210693	28.3559913635254	18.6170082092285	60.4620819091797	0
2012	7	20	23.5959529876709	27.0969886779785	19.5149879455566	81.2562484741211	0
2012	7	21	23.8614597320557	27.8139991760254	19.1300086975098	73.524169921875	0
2012	7	22	23.6580410003662	27.6590003967285	19.5669898986816	59.3312492370605	0
2012	7	23	24.1740417480469	26.7489967346191	20.5029945373535	59.0104179382324	0
2012	7	24	25.3652095794678	28.3540077209473	22.518009185791	64.5008316040039	0
2012	7	25	23.5719165802002	26.5159950256348	19.6050148010254	72.2774963378906	0
2012	7	26	23.2346630096436	26.8349952697754	18.6680030822754	72.7658309936523	0
2012	7	27	24.9426250457764	30.3230018615723	18.9090003967285	61.7337493896484	0
2012	7	28	24.8973369598389	28.7170143127441	20.6199989318848	62.966667175293	0
2012	7	29	24.2081279754639	28.9259986877441	19.5570106506348	73.1954193115234	0
2012	7	30	23.3427486419678	28.0279884338379	18.3739967346191	66.9970855712891	0
2012	7	31	24.1255435943604	27.7590065002441	18.5440101623535	70.5108337402344	0
2012	8	1	26.5352077484131	31.6139869689941	20.6359901428223	50.1033325195312	0
2012	8	2	25.4139575958252	30.4629859924316	20.4440040588379	51.6304168701172	0
2012	8	3	23.2437515258789	26.7389869689941	19.0759925842285	73.4370803833008	0
2012	8	4	23.4373340606689	27.0610084533691	18.5400123596191	78.8795852661133	0
2012	8	5	24.6044178009033	27.2510108947754	20.2959938049316	85.7433319091797	0
2012	8	6	25.1804180145264	28.1069984436035	22.185001373291	88.6662521362305	0
2012	8	7	24.4026660919189	30.4790077209473	17.8989906311035	62.1549987792969	0
2012	8	8	23.910457611084	29.6420021057129	16.622013092041	56.9670829772949	0
2012	8	9	26.3766651153564	31.2170143127441	20.382999420166	53.7316665649414	0
2012	8	10	26.7885818481445	31.3580055236816	21.1139869689941	49.2958335876465	0
2012	8	11	25.7842483520508	30.070987701416	21.5239906311035	49.5879173278809	0
2012	8	12	23.9177913665771	27.0860023498535	19.3769874572754	65.9987487792969	0
2012	8	13	23.9652900695801	26.6409950256348	20.0449867248535	79.836669921875	0
2012	8	14	24.3718318939209	28.1990089416504	19.7749977111816	71.8945846557617	0
2012	8	15	24.0595417022705	27.9480018615723	20.0199928283691	70.0158309936523	0
2012	8	16	24.0859146118164	27.7150001525879	19.2709999084473	69.120002746582	0
2012	8	17	26.0307064056396	30.716007232666	19.5759925842285	64.7779159545898	0
2012	8	18	28.7083759307861	33.8769874572754	23.6050148010254	44.3558349609375	0
2012	8	19	28.7803325653076	33.3249855041504	24.5409889221191	43.1816673278809	0
2012	8	20	27.7147121429443	31.2550086975098	23.3460121154785	47.8045845031738	0
2012	8	21	26.4805850982666	31.4670143127441	21.5769996643066	60.7962493896484	0
2012	8	22	26.0513744354248	31.0799903869629	21.3649940490723	67.1191635131836	0
2012	8	23	25.1507511138916	29.2510108947754	20.6650123596191	77.4054183959961	0
2012	8	24	25.002082824707	28.6900062561035	20.6569862365723	80.0041656494141	0
2012	8	25	25.9371242523193	28.351993560791	23.0369911193848	84.8058319091797	0
2012	8	26	25.1445407867432	28.4740028381348	21.2649879455566	75.1525039672852	0
2012	8	27	24.5995845794678	29.2240028381348	20.7349891662598	45.1295852661133	0
2012	8	28	24.1835842132568	28.8299903869629	19.6340065002441	45.1287498474121	0
2012	8	29	24.0611228942871	28.7749977111816	19.0749855041504	60.0812492370605	0
2012	8	30	24.1003761291504	28.299015045166	19.2280006408691	71.1345825195312	0
2012	8	31	23.2045001983643	26.4639930725098	20.3150062561035	69.8600006103516	0
2012	9	1	20.5753345489502	22.8639869689941	17.8450050354004	69.3162460327148	0
2012	9	2	21.345796585083	24.6180152893066	19.2779884338379	68.5387496948242	0
2012	9	3	21.4996242523193	23.0560035705566	19.7080116271973	77.0720825195312	0
2012	9	4	23.1259117126465	27.1279945373535	20.362003326416	65.4458312988281	0
2012	9	5	23.266040802002	26.9639930725098	20.3790016174316	69.6379165649414	0
2012	9	6	24.0434169769287	28.9280128479004	19.5319862365723	61.4070816040039	0
2012	9	7	23.9118747711182	27.2259864807129	21.0379981994629	62.2162475585938	0
2012	9	8	23.5541687011719	28.101993560791	19.6839942932129	48.9620819091797	0
2012	9	9	21.8405017852783	26.0440101623535	16.7970008850098	60.6087493896484	0
2012	9	10	21.1837482452393	25.3429908752441	16.8949928283691	79.7295837402344	0
2012	9	11	20.9185428619385	25.2800025939941	16.2630043029785	76.8099975585938	0
2012	9	12	22.222375869751	25.3850135803223	16.9840126037598	74.3287506103516	0
2012	9	13	18.204418182373	20.945011138916	16.2290077209473	63.5849990844727	0
2012	9	14	19.6779594421387	23.4100074768066	16.3190040588379	57.1549987792969	0
2012	9	15	21.7934589385986	25.966007232666	18.1789894104004	62.5625	0
2012	9	16	21.6152896881104	25.8920021057129	18.2389869689941	55.2083320617676	0
2012	9	17	20.1088352203369	23.7749977111816	16.4939918518066	60.094165802002	0
2012	9	18	19.5983333587646	23.466007232666	15.5759925842285	75.6175003051758	0
2012	9	19	20.0326290130615	22.9490089416504	17.0589942932129	84.1224975585938	0
2012	9	20	18.8216648101807	22.3880043029785	15.5749855041504	53.5729179382324	0
2012	9	21	18.5554141998291	22.2739906311035	13.8370094299316	71.0304183959961	0
2012	9	22	21.3953742980957	23.3920021057129	18.445987701416	86.0229187011719	0
2012	9	23	22.3321228027344	24.4840126037598	21.0000038146973	89.5445861816406	0
2012	9	24	21.9688358306885	24.0610084533691	18.747989654541	88.4529190063477	0
2012	9	25	20.7594585418701	23.3680152893066	16.6990089416504	80.7829132080078	0
2012	9	26	22.7030010223389	23.8680152893066	21.9599952697754	85.4641647338867	0
2012	9	27	21.9247531890869	24.0340003967285	19.1189918518066	80.8245849609375	0
2012	9	28	22.2178325653076	24.9650001525879	19.268985748291	82.5266647338867	0
2012	9	29	23.5732097625732	25.7030067443848	21.5090065002441	74.6758346557617	0
2012	9	30	21.3192920684814	23.862003326416	18.3469886779785	90.5224990844727	0
2012	10	1	19.7719554901123	22.8009986877441	17.1380043029785	81.6025009155273	0
2012	10	2	18.9318752288818	21.820987701416	15.5759925842285	83.2083358764648	0
2012	10	3	18.0785026550293	21.7970008850098	14.5740089416504	77.3020858764648	0
2012	10	4	18.0161228179932	21.9079933166504	14.476993560791	82.0841674804688	0
2012	10	5	17.9809169769287	22.2510108947754	14.1279945373535	79.8099975585938	0
2012	10	6	18.3876247406006	21.7980079650879	14.2500038146973	83.5374984741211	0
2012	10	7	19.6099624633789	22.851993560791	16.5119972229004	84.59375	0
2012	10	8	19.6599178314209	23.8649940490723	15.9530067443848	82.0045852661133	0
2012	10	9	18.9855842590332	21.882999420166	16.5929908752441	89.0066680908203	0
2012	10	10	18.7298774719238	22.143009185791	15.7080116271973	79.7241668701172	0
2012	10	11	18.8310394287109	21.674991607666	15.6279945373535	82.0420837402344	0
2012	10	12	19.7284164428711	22.5449867248535	15.7529945373535	83.1816635131836	0
2012	10	13	17.8401660919189	21.4159889221191	14.518985748291	84.4266662597656	0
2012	10	14	17.7031650543213	20.3989906311035	13.7410011291504	80.4091644287109	0
2012	10	15	17.7199192047119	19.9930152893066	14.4910011291504	78.2545852661133	0
2012	10	16	15.9741258621216	18.8630104064941	13.1170082092285	67.3670806884766	0
2012	10	17	16.9482078552246	20.8320045471191	12.5530128479004	75.5875015258789	0
2012	10	18	17.7775402069092	21.393985748291	15.1560096740723	80.1012496948242	0
2012	10	19	18.2104568481445	22.7410011291504	13.8190040588379	70.6695861816406	0
2012	10	20	18.9030895233154	23.3370094299316	15.5960121154785	64.4225006103516	0
2012	10	21	18.4388732910156	22.2529945373535	15.1239967346191	74.7437515258789	0
